0 1
1 2
2 1
3 3
4 4
5 4
6 1
7 2
8 4
9 5
10 2
11 1
12 3
13 2
14 3
15 2
16 3
17 6
18 1
19 1
20 1
21 2
22 2
23 3
24 2
25 6
26 3
27 1
28 2
29 6
30 6
31 6
32 6
33 1
34 2
35 1
36 4
37 2
38 1
39 1
40 1
41 1
42 1
43 1
44 1
45 1
46 1
47 1
48 2
49 1
50 2
51 2
52 1
53 5
54 2
55 3
56 6
57 3
58 2
59 1
60 3
61 5
62 2
63 4
64 1
65 2
66 2
67 2
68 3
69 2
70 1
71 1
72 1
73 3
74 6
75 1
76 1
77 6
78 6
79 2
80 3
81 1
82 2
83 6
84 1
85 2
86 3
87 4
88 2
89 1
90 6
91 5
92 1
93 2
94 2
95 2
96 6
97 4
98 2
99 1
100 2
101 1
102 6
103 2
104 1
105 2
106 2
107 2
108 3
109 1
110 1
111 1
112 3
113 4
114 1
115 1
116 1
117 3
118 2
119 1
120 3
121 1
122 2
123 6
124 4
125 1
126 4
127 2
128 3
129 5
130 6
131 1
132 1
133 1
134 4
135 5
136 1
137 1
138 1
139 1
140 4
141 1
142 1
143 5
144 1
145 1
146 1
147 2
148 1
149 3
150 3
151 2
152 2
153 2
154 2
155 2
156 2
157 2
158 1
159 6
160 1
161 5
162 6
163 1
164 3
165 1
166 1
167 2
168 3
169 5
170 1
171 1
172 6
173 4
174 1
175 6
176 2
177 1
178 2
179 6
180 2
181 1
182 2
183 6
184 2
185 1
186 1
187 1
188 1
189 2
190 1
191 6
192 1
193 1
194 2
195 5
196 1
197 1
198 1
199 1
200 2
201 4
202 1
203 1
204 1
205 2
206 2
207 5
208 1
209 1
210 5
211 1
212 2
213 2
214 1
215 6
216 2
217 4
218 6
219 2
220 2
221 2
222 2
223 2
224 2
225 5
226 1
227 2
228 2
229 1
230 1
231 2
232 2
233 2
234 2
235 2
236 2
237 1
238 3
239 1
240 1
241 1
242 1
243 6
244 2
245 1
246 1
247 1
248 2
249 5
250 1
251 2
252 1
253 2
254 2
255 1
256 2
257 2
258 1
259 2
260 1
261 2
262 6
263 4
264 1
265 2
266 6
267 2
268 6
269 4
270 4
271 1
272 6
273 4
274 6
275 2
276 2
277 1
278 6
279 5
280 4
281 1
282 1
283 4
284 6
285 6
286 6
287 1
288 4
289 4
290 4
291 2
292 2
293 5
294 4
295 2
296 2
297 6
298 4
299 2
300 2
301 4
302 1
303 1
304 1
305 2
306 2
307 5
308 1
309 1
310 5
311 1
312 2
313 2
314 1
315 6
316 2
317 4
318 6
319 2
320 2
321 2
322 2
323 2
324 2
325 5
326 1
327 2
328 2
329 1
330 1
331 2
332 2
333 2
334 2
335 2
336 2
337 1
338 3
339 1
340 1
341 1
342 1
343 6
344 2
345 1
346 1
347 1
348 2
349 5
350 1
351 2
352 1
353 2
354 2
355 1
356 2
357 2
358 1
359 2
360 1
361 2
362 6
363 4
364 1
365 2
366 6
367 2
368 6
369 4
370 4
371 1
372 6
373 4
374 6
375 2
376 2
377 1
378 6
379 5
380 4
381 1
382 1
383 4
384 6
385 6
386 6
387 1
388 4
389 4
390 4
391 2
392 2
393 5
394 4
395 2
396 2
397 6
398 4
399 2
400 2
401 4
402 1
403 1
404 1
405 2
406 2
407 5
408 1
409 1
410 5
411 1
412 2
413 2
414 1
415 6
416 2
417 4
418 6
419 2
420 2
421 2
422 2
423 2
424 2
425 5
426 1
427 2
428 2
429 1
430 1
431 2
432 2
433 2
434 2
435 2
436 2
437 1
438 3
439 1
440 1
441 1
442 1
443 6
444 2
445 1
446 1
447 1
448 2
449 5
450 1
451 2
452 1
453 2
454 2
455 1
456 2
457 2
458 1
459 2
460 1
461 2
462 6
463 4
464 1
465 2
466 6
467 2
468 6
469 4
470 4
471 1
472 6
473 4
474 6
475 2
476 2
477 1
478 6
479 5
480 4
481 1
482 1
483 4
484 6
485 6
486 6
487 1
488 4
489 4
490 4
491 2
492 2
493 5
494 4
495 2
496 2
497 6
498 4
499 2
500 2
501 4
502 1
503 1
504 1
505 2
506 2
507 5
508 1
509 1
510 5
511 1
512 2
513 2
514 1
515 6
516 2
517 4
518 6
519 2
520 2
521 2
522 2
523 2
524 2
525 5
526 1
527 2
528 2
529 1
530 1
531 2
532 2
533 2
534 2
535 2
536 2
537 1
538 3
539 1
540 1
541 1
542 1
543 6
544 2
545 1
546 1
547 1
548 2
549 5
550 1
551 2
552 1
553 2
554 2
555 1
556 2
557 2
558 1
559 2
560 1
561 2
562 6
563 4
564 1
565 2
566 6
567 2
568 6
569 4
570 4
571 1
572 6
573 4
574 6
575 2
576 2
577 1
578 6
579 5
580 4
581 1
582 1
583 4
584 6
585 6
586 6
587 1
588 4
589 4
590 4
591 2
592 2
593 5
594 4
595 2
596 2
597 6
598 4
599 2
600 2
601 4
602 1
603 1
604 1
605 2
606 2
607 5
608 1
609 1
610 5
611 1
612 2
613 2
614 1
615 6
616 2
617 4
618 6
619 2
620 2
621 2
622 2
623 2
624 2
625 5
626 1
627 2
628 2
629 1
630 1
631 2
632 2
633 2
634 2
635 2
636 2
637 1
638 3
639 1
640 1
641 1
642 1
643 6
644 2
645 1
646 1
647 1
648 2
649 5
650 1
651 2
652 1
653 2
654 2
655 1
656 2
657 2
658 1
659 2
660 1
661 2
662 6
663 4
664 1
665 2
666 6
667 2
668 6
669 4
670 4
671 1
672 6
673 4
674 6
675 2
676 2
677 1
678 6
679 5
680 4
681 1
682 1
683 4
684 6
685 6
686 6
687 1
688 4
689 4
690 4
691 2
692 2
693 5
694 4
695 2
696 2
697 6
698 4
699 2
700 2
701 4
702 1
703 1
704 1
705 2
706 2
707 5
708 1
709 1
710 5
711 1
712 2
713 2
714 1
715 6
716 2
717 4
718 6
719 2
720 2
721 2
722 2
723 2
724 2
725 5
726 1
727 2
728 2
729 1
730 1
731 2
732 2
733 2
734 2
735 2
736 2
737 1
738 3
739 1
740 1
741 1
742 1
743 6
744 2
745 1
746 1
747 1
748 2
749 5
750 1
751 2
752 1
753 2
754 2
755 1
756 2
757 2
758 1
759 2
760 1
761 2
762 6
763 4
764 1
765 2
766 6
767 2
768 6
769 4
770 4
771 1
772 6
773 4
774 6
775 2
776 2
777 1
778 6
779 5
780 4
781 1
782 1
783 4
784 6
785 6
786 6
787 1
788 4
789 4
790 4
791 2
792 2
793 5
794 4
795 2
796 2
797 6
798 4
799 2
800 2
801 4
802 1
803 1
804 1
805 2
806 2
807 5
808 1
809 1
810 5
811 1
812 2
813 2
814 1
815 6
816 2
817 4
818 6
819 2
820 2
821 2
822 2
823 2
824 2
825 5
826 1
827 2
828 2
829 1
830 1
831 2
832 2
833 2
834 2
835 2
836 2
837 1
838 3
839 1
840 1
841 1
842 1
843 6
844 2
845 1
846 1
847 1
848 2
849 5
850 1
851 2
852 1
853 2
854 2
855 1
856 2
857 2
858 1
859 2
860 1
861 2
862 6
863 4
864 1
865 2
866 6
867 2
868 6
869 4
870 4
871 1
872 6
873 4
874 6
875 2
876 2
877 1
878 6
879 5
880 4
881 1
882 1
883 4
884 6
885 6
886 6
887 1
888 4
889 4
890 4
891 2
892 2
893 5
894 4
895 2
896 2
897 6
898 4
899 2
900 2
901 4
902 1
903 1
904 1
905 2
906 2
907 5
908 1
909 1
910 5
911 1
912 2
913 2
914 1
915 6
916 2
917 4
918 6
919 2
920 2
921 2
922 2
923 2
924 2
925 5
926 1
927 2
928 2
929 1
930 1
931 2
932 2
933 2
934 2
935 2
936 2
937 1
938 3
939 1
940 1
941 1
942 1
943 6
944 2
945 1
946 1
947 1
948 2
949 5
950 1
951 2
952 1
953 2
954 2
955 1
956 2
957 2
958 1
959 2
960 1
961 2
962 6
963 4
964 1
965 2
966 6
967 2
968 6
969 4
970 4
971 1
972 6
973 4
974 6
975 2
976 2
977 1
978 6
979 5
980 4
981 1
982 1
983 4
984 6
985 6
986 6
987 1
988 4
989 4
990 4
991 2
992 2
993 5
994 4
995 2
996 2
997 6
998 4
999 2
1000 2
1001 4
1002 1
1003 1
1004 1
1005 2
1006 2
1007 5
1008 1
1009 1
1010 5
1011 1
1012 2
1013 2
1014 1
1015 6
1016 2
1017 4
1018 6
1019 2
1020 2
1021 2
1022 2
1023 2
1024 2
1025 5
1026 1
1027 2
1028 2
1029 1
1030 1
1031 2
1032 2
1033 2
1034 2
1035 2
1036 2
1037 1
1038 3
1039 1
1040 1
1041 1
1042 1
1043 6
1044 2
1045 1
1046 1
1047 1
1048 2
1049 5
1050 1
1051 2
1052 1
1053 2
1054 2
1055 1
1056 2
1057 2
1058 1
1059 2
1060 1
1061 2
1062 6
1063 4
1064 1
1065 2
1066 6
1067 2
1068 6
1069 4
1070 4
1071 1
1072 6
1073 4
1074 6
1075 2
1076 2
1077 1
1078 6
1079 5
1080 4
1081 1
1082 1
1083 4
1084 6
1085 6
1086 6
1087 1
1088 4
1089 4
1090 4
1091 2
1092 2
1093 5
1094 4
1095 2
1096 2
1097 6
1098 4
1099 2
1100 2
1101 4
1102 1
1103 1
1104 1
1105 2
1106 2
1107 5
1108 1
1109 1
1110 5
1111 1
1112 2
1113 2
1114 1
1115 6
1116 2
1117 4
1118 6
1119 2
1120 2
1121 2
1122 2
1123 2
1124 2
1125 5
1126 1
1127 2
1128 2
1129 1
1130 1
1131 2
1132 2
1133 2
1134 2
1135 2
1136 2
1137 1
1138 3
1139 1
1140 1
1141 1
1142 1
1143 6
1144 2
1145 1
1146 1
1147 1
1148 2
1149 5
1150 1
1151 2
1152 1
1153 2
1154 2
1155 1
1156 2
1157 2
1158 1
1159 2
1160 1
1161 2
1162 6
1163 4
1164 1
1165 2
1166 6
1167 2
1168 6
1169 4
1170 4
1171 1
1172 6
1173 4
1174 6
1175 2
1176 2
1177 1
1178 6
1179 5
1180 4
1181 1
1182 1
1183 4
1184 6
1185 6
1186 6
1187 1
1188 4
1189 4
1190 4
1191 2
1192 2
1193 5
1194 4
1195 2
1196 2
1197 6
1198 4
1199 2
1200 2
1201 4
1202 1
1203 1
1204 1
1205 2
1206 2
1207 5
1208 1
1209 1
1210 5
1211 1
1212 2
1213 2
1214 1
1215 6
1216 2
1217 4
1218 6
1219 2
1220 2
1221 2
1222 2
1223 2
1224 2
1225 5
1226 1
1227 2
1228 2
1229 1
1230 1
1231 2
1232 2
1233 2
1234 2
1235 2
1236 2
1237 1
1238 3
1239 1
1240 1
1241 1
1242 1
1243 6
1244 2
1245 1
1246 1
1247 1
1248 2
1249 5
1250 1
1251 2
1252 1
1253 2
1254 2
1255 1
1256 2
1257 2
1258 1
1259 2
1260 1
1261 2
1262 6
1263 4
1264 1
1265 2
1266 6
1267 2
1268 6
1269 4
1270 4
1271 1
1272 6
1273 4
1274 6
1275 2
1276 2
1277 1
1278 6
1279 5
1280 4
1281 1
1282 1
1283 4
1284 6
1285 6
1286 6
1287 1
1288 4
1289 4
1290 4
1291 2
1292 2
1293 5
1294 4
1295 2
1296 2
1297 6
1298 4
1299 2
1300 2
1301 4
1302 1
1303 1
1304 1
1305 2
1306 2
1307 5
1308 1
1309 1
1310 5
1311 1
1312 2
1313 2
1314 1
1315 6
1316 2
1317 4
1318 6
1319 2
1320 2
1321 2
1322 2
1323 2
1324 2
1325 5
1326 1
1327 2
1328 2
1329 1
1330 1
1331 2
1332 2
1333 2
1334 2
1335 2
1336 2
1337 1
1338 3
1339 1
1340 1
1341 1
1342 1
1343 6
1344 2
1345 1
1346 1
1347 1
1348 2
1349 5
1350 1
1351 2
1352 1
1353 2
1354 2
1355 1
1356 2
1357 2
1358 1
1359 2
1360 1
1361 2
1362 6
1363 4
1364 1
1365 2
1366 6
1367 2
1368 6
1369 4
1370 4
1371 1
1372 6
1373 4
1374 6
1375 2
1376 2
1377 1
1378 6
1379 5
1380 4
1381 1
1382 1
1383 4
1384 6
1385 6
1386 6
1387 1
1388 4
1389 4
1390 4
1391 2
1392 2
1393 5
1394 4
1395 2
1396 2
1397 6
1398 4
1399 2
1400 2
1401 4
1402 1
1403 1
1404 1
1405 2
1406 2
1407 5
1408 1
1409 1
1410 5
1411 1
1412 2
1413 2
1414 1
1415 6
1416 2
1417 4
1418 6
1419 2
1420 2
1421 2
1422 2
1423 2
1424 2
1425 5
1426 1
1427 2
1428 2
1429 1
1430 1
1431 2
1432 2
1433 2
1434 2
1435 2
1436 2
1437 1
1438 3
1439 1
1440 1
1441 1
1442 1
1443 6
1444 2
1445 1
1446 1
1447 1
1448 2
1449 5
1450 1
1451 2
1452 1
1453 2
1454 2
1455 1
1456 2
1457 2
1458 1
1459 2
1460 1
1461 2
1462 6
1463 4
1464 1
1465 2
1466 6
1467 2
1468 6
1469 4
1470 4
1471 1
1472 6
1473 4
1474 6
1475 2
1476 2
1477 1
1478 6
1479 5
1480 4
1481 1
1482 1
1483 4
1484 6
1485 6
1486 6
1487 1
1488 4
1489 4
1490 4
1491 2
1492 2
1493 5
1494 4
1495 2
1496 2
1497 6
1498 4
1499 2
1500 2
1501 4
1502 1
1503 1
1504 1
1505 2
1506 2
1507 5
1508 1
1509 1
1510 5
1511 1
1512 2
1513 2
1514 1
1515 6
1516 2
1517 4
1518 6
1519 2
1520 2
1521 2
1522 2
1523 2
1524 2
1525 5
1526 1
1527 2
1528 2
1529 1
1530 1
1531 2
1532 2
1533 2
1534 2
1535 2
1536 2
1537 1
1538 3
1539 1
1540 1
1541 1
1542 1
1543 6
1544 2
1545 1
1546 1
1547 1
1548 2
1549 5
1550 1
1551 2
1552 1
1553 2
1554 2
1555 1
1556 2
1557 2
1558 1
1559 2
1560 1
1561 2
1562 6
1563 4
1564 1
1565 2
1566 6
1567 2
1568 6
1569 4
1570 4
1571 1
1572 6
1573 4
1574 6
1575 2
1576 2
1577 1
1578 6
1579 5
1580 4
1581 1
1582 1
1583 4
1584 6
1585 6
1586 6
1587 1
1588 4
1589 4
1590 4
1591 2
1592 2
1593 5
1594 4
1595 2
1596 2
1597 6
1598 4
1599 2
1600 2
1601 4
1602 1
1603 1
1604 1
1605 2
1606 2
1607 5
1608 1
1609 1
1610 5
1611 1
1612 2
1613 2
1614 1
1615 6
1616 2
1617 4
1618 6
1619 2
1620 2
1621 2
1622 2
1623 2
1624 2
1625 5
1626 1
1627 2
1628 2
1629 1
1630 1
1631 2
1632 2
1633 2
1634 2
1635 2
1636 2
1637 1
1638 3
1639 1
1640 1
1641 1
1642 1
1643 6
1644 2
1645 1
1646 1
1647 1
1648 2
1649 5
1650 1
1651 2
1652 1
1653 2
1654 2
1655 1
1656 2
1657 2
1658 1
1659 2
1660 1
1661 2
1662 6
1663 4
1664 1
1665 2
1666 6
1667 2
1668 6
1669 4
1670 4
1671 1
1672 6
1673 4
1674 6
1675 2
1676 2
1677 1
1678 6
1679 5
1680 4
1681 1
1682 1
1683 4
1684 6
1685 6
1686 6
1687 1
1688 4
1689 4
1690 4
1691 2
1692 2
1693 5
1694 4
1695 2
1696 2
1697 6
1698 4
1699 2
1700 2
1701 4
1702 1
1703 1
1704 1
1705 2
1706 2
1707 5
1708 1
1709 1
1710 5
1711 1
1712 2
1713 2
1714 1
1715 6
1716 2
1717 4
1718 6
1719 2
1720 2
1721 2
1722 2
1723 2
1724 2
1725 5
1726 1
1727 2
1728 2
1729 1
1730 1
1731 2
1732 2
1733 2
1734 2
1735 2
1736 2
1737 1
1738 3
1739 1
1740 1
1741 1
1742 1
1743 6
1744 2
1745 1
1746 1
1747 1
1748 2
1749 5
1750 1
1751 2
1752 1
1753 2
1754 2
1755 1
1756 2
1757 2
1758 1
1759 2
1760 1
1761 2
1762 6
1763 4
1764 1
1765 2
1766 6
1767 2
1768 6
1769 4
1770 4
1771 1
1772 6
1773 4
1774 6
1775 2
1776 2
1777 1
1778 6
1779 5
1780 4
1781 1
1782 1
1783 4
1784 6
1785 6
1786 6
1787 1
1788 4
1789 4
1790 4
1791 2
1792 2
1793 5
1794 4
1795 2
1796 2
1797 6
1798 4
1799 2
1800 2
1801 4
1802 1
1803 1
1804 1
1805 2
1806 2
1807 5
1808 1
1809 1
1810 5
1811 1
1812 2
1813 2
1814 1
1815 6
1816 2
1817 4
1818 6
1819 2
1820 2
1821 2
1822 2
1823 2
1824 2
1825 5
1826 1
1827 2
1828 2
1829 1
1830 1
1831 2
1832 2
1833 2
1834 2
1835 2
1836 2
1837 1
1838 3
1839 1
1840 1
1841 1
1842 1
1843 6
1844 2
1845 1
1846 1
1847 1
1848 2
1849 5
1850 1
1851 2
1852 1
1853 2
1854 2
1855 1
1856 2
1857 2
1858 1
1859 2
1860 1
1861 2
1862 6
1863 4
1864 1
1865 2
1866 6
1867 2
1868 6
1869 4
1870 4
1871 1
1872 6
1873 4
1874 6
1875 2
1876 2
1877 1
1878 6
1879 5
1880 4
1881 1
1882 1
1883 4
1884 6
1885 6
1886 6
1887 1
1888 4
1889 4
1890 4
1891 2
1892 2
1893 5
1894 4
1895 2
1896 2
1897 6
1898 4
1899 2
1900 2
1901 4
1902 1
1903 1
1904 1
1905 2
1906 2
1907 5
1908 1
1909 1
1910 5
1911 1
1912 2
1913 2
1914 1
1915 6
1916 2
1917 4
1918 6
1919 2
1920 2
1921 2
1922 2
1923 2
1924 2
1925 5
1926 1
1927 2
1928 2
1929 1
1930 1
1931 2
1932 2
1933 2
1934 2
1935 2
1936 2
1937 1
1938 3
1939 1
1940 1
1941 1
1942 1
1943 6
1944 2
1945 1
1946 1
1947 1
1948 2
1949 5
1950 1
1951 2
1952 1
1953 2
1954 2
1955 1
1956 2
1957 2
1958 1
1959 2
1960 1
1961 2
1962 6
1963 4
1964 1
1965 2
1966 6
1967 2
1968 6
1969 4
1970 4
1971 1
1972 6
1973 4
1974 6
1975 2
1976 2
1977 1
1978 6
1979 5
1980 4
1981 1
1982 1
1983 4
1984 6
1985 6
1986 6
1987 1
1988 4
1989 4
1990 4
1991 2
1992 2
1993 5
1994 4
1995 2
1996 2
1997 6
1998 4
1999 2
2000 2
2001 4
2002 1
2003 1
2004 1
2005 2
2006 2
2007 5
2008 1
2009 1
2010 5
2011 1
2012 2
2013 2
2014 1
2015 6
2016 2
2017 4
2018 6
2019 2
2020 2
2021 2
2022 2
2023 2
2024 2
2025 5
2026 1
2027 2
2028 2
2029 1
2030 1
2031 2
2032 2
2033 2
2034 2
2035 2
2036 2
2037 1
2038 3
2039 1
2040 1
2041 1
2042 1
2043 6
2044 2
2045 1
2046 1
2047 1
2048 2
2049 5
2050 1
2051 2
2052 1
2053 2
2054 2
2055 1
2056 2
2057 2
2058 1
2059 2
2060 1
2061 2
2062 6
2063 4
2064 1
2065 2
2066 6
2067 2
2068 6
2069 4
2070 4
2071 1
2072 6
2073 4
2074 6
2075 2
2076 2
2077 1
2078 6
2079 5
2080 4
2081 1
2082 1
2083 4
2084 6
2085 6
2086 6
2087 1
2088 4
2089 4
2090 4
2091 2
2092 2
2093 5
2094 4
2095 2
2096 2
2097 6
2098 4
2099 2
2100 2
2101 4
2102 1
2103 1
2104 1
2105 2
2106 2
2107 5
2108 1
2109 1
2110 5
2111 1
2112 2
2113 2
2114 1
2115 6
2116 2
2117 4
2118 6
2119 2
2120 2
2121 2
2122 2
2123 2
2124 2
2125 5
2126 1
2127 2
2128 2
2129 1
2130 1
2131 2
2132 2
2133 2
2134 2
2135 2
2136 2
2137 1
2138 3
2139 1
2140 1
2141 1
2142 1
2143 6
2144 2
2145 1
2146 1
2147 1
2148 2
2149 5
2150 1
2151 2
2152 1
2153 2
2154 2
2155 1
2156 2
2157 2
2158 1
2159 2
2160 1
2161 2
2162 6
2163 4
2164 1
2165 2
2166 6
2167 2
2168 6
2169 4
2170 4
2171 1
2172 6
2173 4
2174 6
2175 2
2176 2
2177 1
2178 6
2179 5
2180 4
2181 1
2182 1
2183 4
2184 6
2185 6
2186 6
2187 1
2188 4
2189 4
2190 4
2191 2
2192 2
2193 5
2194 4
2195 2
2196 2
2197 6
2198 4
2199 2
2200 2
2201 4
2202 1
2203 1
2204 1
2205 2
2206 2
2207 5
2208 1
2209 1
2210 5
2211 1
2212 2
2213 2
2214 1
2215 6
2216 2
2217 4
2218 6
2219 2
2220 2
2221 2
2222 2
2223 2
2224 2
2225 5
2226 1
2227 2
2228 2
2229 1
2230 1
2231 2
2232 2
2233 2
2234 2
2235 2
2236 2
2237 1
2238 3
2239 1
2240 1
2241 1
2242 1
2243 6
2244 2
2245 1
2246 1
2247 1
2248 2
2249 5
2250 1
2251 2
2252 1
2253 2
2254 2
2255 1
2256 2
2257 2
2258 1
2259 2
2260 1
2261 2
2262 6
2263 4
2264 1
2265 2
2266 6
2267 2
2268 6
2269 4
2270 4
2271 1
2272 6
2273 4
2274 6
2275 2
2276 2
2277 1
2278 6
2279 5
2280 4
2281 1
2282 1
2283 4
2284 6
2285 6
2286 6
2287 1
2288 4
2289 4
2290 4
2291 2
2292 2
2293 5
2294 4
2295 2
2296 2
2297 6
2298 4
2299 2
2300 2
2301 4
2302 1
2303 1
2304 1
2305 2
2306 2
2307 5
2308 1
2309 1
2310 5
2311 1
2312 2
2313 2
2314 1
2315 6
2316 2
2317 4
2318 6
2319 2
2320 2
2321 2
2322 2
2323 2
2324 2
2325 5
2326 1
2327 2
2328 2
2329 1
2330 1
2331 2
2332 2
2333 2
2334 2
2335 2
2336 2
2337 1
2338 3
2339 1
2340 1
2341 1
2342 1
2343 6
2344 2
2345 1
2346 1
2347 1
2348 2
2349 5
2350 1
2351 2
2352 1
2353 2
2354 2
2355 1
2356 2
2357 2
2358 1
2359 2
2360 1
2361 2
2362 6
2363 4
2364 1
2365 2
2366 6
2367 2
2368 6
2369 4
2370 4
2371 1
2372 6
2373 4
2374 6
2375 2
2376 2
2377 1
2378 6
2379 5
2380 4
2381 1
2382 1
2383 4
2384 6
2385 6
2386 6
2387 1
2388 4
2389 4
2390 4
2391 2
2392 2
2393 5
2394 4
2395 2
2396 2
2397 6
2398 4
2399 2
2400 2
2401 4
2402 1
2403 1
2404 1
2405 2
2406 2
2407 5
2408 1
2409 1
2410 5
2411 1
2412 2
2413 2
2414 1
2415 6
2416 2
2417 4
2418 6
2419 2
2420 2
2421 2
2422 2
2423 2
2424 2
2425 5
2426 1
2427 2
2428 2
2429 1
2430 1
2431 2
2432 2
2433 2
2434 2
2435 2
2436 2
2437 1
2438 3
2439 1
2440 1
2441 1
2442 1
2443 6
2444 2
2445 1
2446 1
2447 1
2448 2
2449 5
2450 1
2451 2
2452 1
2453 2
2454 2
2455 1
2456 2
2457 2
2458 1
2459 2
2460 1
2461 2
2462 6
2463 4
2464 1
2465 2
2466 6
2467 2
2468 6
2469 4
2470 4
2471 1
2472 6
2473 4
2474 6
2475 2
2476 2
2477 1
2478 6
2479 5
2480 4
2481 1
2482 1
2483 4
2484 6
2485 6
2486 6
2487 1
2488 4
2489 4
2490 4
2491 2
2492 2
2493 5
2494 4
2495 2
2496 2
2497 6
2498 4
2499 2
2500 2
2501 4
2502 1
2503 1
2504 1
2505 2
2506 2
2507 5
2508 1
2509 1
2510 5
2511 1
2512 2
2513 2
2514 1
2515 6
2516 2
2517 4
2518 6
2519 2
2520 2
2521 2
2522 2
2523 2
2524 2
2525 5
2526 1
2527 2
2528 2
2529 1
2530 1
2531 2
2532 2
2533 2
2534 2
2535 2
2536 2
2537 1
2538 3
2539 1
2540 1
2541 1
2542 1
2543 6
2544 2
2545 1
2546 1
2547 1
2548 2
2549 5
2550 1
2551 2
2552 1
2553 2
2554 2
2555 1
2556 2
2557 2
2558 1
2559 2
2560 1
2561 2
2562 6
2563 4
2564 1
2565 2
2566 6
2567 2
2568 6
2569 4
2570 4
2571 1
2572 6
2573 4
2574 6
2575 2
2576 2
2577 1
2578 6
2579 5
2580 4
2581 1
2582 1
2583 4
2584 6
2585 6
2586 6
2587 1
2588 4
2589 4
2590 4
2591 2
2592 2
2593 5
2594 4
2595 2
2596 2
2597 6
2598 4
2599 2
2600 2
2601 4
2602 1
2603 1
2604 1
2605 2
2606 2
2607 5
2608 1
2609 1
2610 5
2611 1
2612 2
2613 2
2614 1
2615 6
2616 2
2617 4
2618 6
2619 2
2620 2
2621 2
2622 2
2623 2
2624 2
2625 5
2626 1
2627 2
2628 2
2629 1
2630 1
2631 2
2632 2
2633 2
2634 2
2635 2
2636 2
2637 1
2638 3
2639 1
2640 1
2641 1
2642 1
2643 6
2644 2
2645 1
2646 1
2647 1
2648 2
2649 5
2650 1
2651 2
2652 1
2653 2
2654 2
2655 1
2656 2
2657 2
2658 1
2659 2
2660 1
2661 2
2662 6
2663 4
2664 1
2665 2
2666 6
2667 2
2668 6
2669 4
2670 4
2671 1
2672 6
2673 4
2674 6
2675 2
2676 2
2677 1
2678 6
2679 5
2680 4
2681 1
2682 1
2683 4
2684 6
2685 6
2686 6
2687 1
2688 4
2689 4
2690 4
2691 2
2692 2
2693 5
2694 4
2695 2
2696 2
2697 6
2698 4
2699 2
2700 2
2701 4
2702 1
2703 1
2704 1
2705 2
2706 2
2707 5
2708 1
2709 1
2710 5
2711 1
2712 2
2713 2
2714 1
2715 6
2716 2
2717 4
2718 6
2719 2
2720 2
2721 2
2722 2
2723 2
2724 2
2725 5
2726 1
2727 2
2728 2
2729 1
2730 1
2731 2
2732 2
2733 2
2734 2
2735 2
2736 2
2737 1
2738 3
2739 1
2740 1
2741 1
2742 1
2743 6
2744 2
2745 1
2746 1
2747 1
2748 2
2749 5
2750 1
2751 2
2752 1
2753 2
2754 2
2755 1
2756 2
2757 2
2758 1
2759 2
2760 1
2761 2
2762 6
2763 4
2764 1
2765 2
2766 6
2767 2
2768 6
2769 4
2770 4
2771 1
2772 6
2773 4
2774 6
2775 2
2776 2
2777 1
2778 6
2779 5
2780 4
2781 1
2782 1
2783 4
2784 6
2785 6
2786 6
2787 1
2788 4
2789 4
2790 4
2791 2
2792 2
2793 5
2794 4
2795 2
2796 2
2797 6
2798 4
2799 2
2800 2
2801 4
2802 1
2803 1
2804 1
2805 2
2806 2
2807 5
2808 1
2809 1
2810 5
2811 1
2812 2
2813 2
2814 1
2815 6
2816 2
2817 4
2818 6
2819 2
2820 2
2821 2
2822 2
2823 2
2824 2
2825 5
2826 1
2827 2
2828 2
2829 1
2830 1
2831 2
2832 2
2833 2
2834 2
2835 2
2836 2
2837 1
2838 3
2839 1
2840 1
2841 1
2842 1
2843 6
2844 2
2845 1
2846 1
2847 1
2848 2
2849 5
2850 1
2851 2
2852 1
2853 2
2854 2
2855 1
2856 2
2857 2
2858 1
2859 2
2860 1
2861 2
2862 6
2863 4
2864 1
2865 2
2866 6
2867 2
2868 6
2869 4
2870 4
2871 1
2872 6
2873 4
2874 6
2875 2
2876 2
2877 1
2878 6
2879 5
2880 4
2881 1
2882 1
2883 4
2884 6
2885 6
2886 6
2887 1
2888 4
2889 4
2890 4
2891 2
2892 2
2893 5
2894 4
2895 2
2896 2
2897 6
2898 4
2899 2
2900 2
2901 4
2902 1
2903 1
2904 1
2905 2
2906 2
2907 5
2908 1
2909 1
2910 5
2911 1
2912 2
2913 2
2914 1
2915 6
2916 2
2917 4
2918 6
2919 2
2920 2
2921 2
2922 2
2923 2
2924 2
2925 5
2926 1
2927 2
2928 2
2929 1
2930 1
2931 2
2932 2
2933 2
2934 2
2935 2
2936 2
2937 1
2938 3
2939 1
2940 1
2941 1
2942 1
2943 6
2944 2
2945 1
2946 1
2947 1
2948 2
2949 5
2950 1
2951 2
2952 1
2953 2
2954 2
2955 1
2956 2
2957 2
2958 1
2959 2
2960 1
2961 2
2962 6
2963 4
2964 1
2965 2
2966 6
2967 2
2968 6
2969 4
2970 4
2971 1
2972 6
2973 4
2974 6
2975 2
2976 2
2977 1
2978 6
2979 5
2980 4
2981 1
2982 1
2983 4
2984 6
2985 6
2986 6
2987 1
2988 4
2989 4
2990 4
2991 2
2992 2
2993 5
2994 4
2995 2
2996 2
2997 6
2998 4
2999 2
3000 2
3001 4
3002 1
3003 1
3004 1
3005 2
3006 2
3007 5
3008 1
3009 1
3010 5
3011 1
3012 2
3013 2
3014 1
3015 6
3016 2
3017 4
3018 6
3019 2
3020 2
3021 2
3022 2
3023 2
3024 2
3025 5
3026 1
3027 2
3028 2
3029 1
3030 1
3031 2
3032 2
3033 2
3034 2
3035 2
3036 2
3037 1
3038 3
3039 1
3040 1
3041 1
3042 1
3043 6
3044 2
3045 1
3046 1
3047 1
3048 2
3049 5
3050 1
3051 2
3052 1
3053 2
3054 2
3055 1
3056 2
3057 2
3058 1
3059 2
3060 1
3061 2
3062 6
3063 4
3064 1
3065 2
3066 6
3067 2
3068 6
3069 4
3070 4
3071 1
3072 6
3073 4
3074 6
3075 2
3076 2
3077 1
3078 6
3079 5
3080 4
3081 1
3082 1
3083 4
3084 6
3085 6
3086 6
3087 1
3088 4
3089 4
3090 4
3091 2
3092 2
3093 5
3094 4
3095 2
3096 2
3097 6
3098 4
3099 2
3100 2
3101 4
3102 1
3103 1
3104 1
3105 2
3106 2
3107 5
3108 1
3109 1
3110 5
3111 1
3112 2
3113 2
3114 1
3115 6
3116 2
3117 4
3118 6
3119 2
3120 2
3121 2
3122 2
3123 2
3124 2
3125 5
3126 1
3127 2
3128 2
3129 1
3130 1
3131 2
3132 2
3133 2
3134 2
3135 2
3136 2
3137 1
3138 3
3139 1
3140 1
3141 1
3142 1
3143 6
3144 2
3145 1
3146 1
3147 1
3148 2
3149 5
3150 1
3151 2
3152 1
3153 2
3154 2
3155 1
3156 2
3157 2
3158 1
3159 2
3160 1
3161 2
3162 6
3163 4
3164 1
3165 2
3166 6
3167 2
3168 6
3169 4
3170 4
3171 1
3172 6
3173 4
3174 6
3175 2
3176 2
3177 1
3178 6
3179 5
3180 4
3181 1
3182 1
3183 4
3184 6
3185 6
3186 6
3187 1
3188 4
3189 4
3190 4
3191 2
3192 2
3193 5
3194 4
3195 2
3196 2
3197 6
3198 4
3199 2
3200 3
3201 3
3202 1
3203 1
3204 6
3205 6
3206 1
3207 3
3208 2
3209 5
3210 3
3211 6
3212 4
3213 6
3214 6
3215 3
3216 6
3217 2
3218 6
3219 5
3220 6
3221 6
3222 1
3223 3
3224 2
3225 5
3226 5
3227 5
3228 3
3229 6
3230 6
3231 3
3232 1
3233 1
3234 4
3235 6
3236 2
3237 3
3238 3
3239 3
3240 1
3241 4
3242 4
3243 5
3244 6
3245 6
3246 6
3247 3
3248 2
3249 5
3250 6
3251 6
3252 2
3253 6
3254 6
3255 2
3256 4
3257 5
3258 3
3259 5
3260 3
3261 3
3262 1
3263 3
3264 3
3265 5
3266 4
3267 3
3268 3
3269 1
3270 6
3271 6
3272 3
3273 6
3274 6
3275 4
3276 2
3277 1
3278 3
3279 3
3280 2
3281 1
3282 2
3283 6
3284 6
3285 4
3286 6
3287 3
3288 6
3289 2
3290 1
3291 6
3292 3
3293 3
3294 6
3295 1
3296 1
3297 6
3298 6
3299 3
3300 2
3301 2
3302 3
3303 2
3304 6
3305 3
3306 6
3307 3
3308 6
3309 2
3310 3
3311 6
