0 1
1 1
2 1
3 1
4 1
5 1
6 1
7 1
8 1
9 1
10 1
11 1
12 1
13 1
14 1
15 1
16 2
17 2
18 2
19 2
20 2
21 2
22 2
23 2
24 2
25 2
26 2
27 2
28 2
29 2
30 2
31 2
32 3
33 3
34 3
35 3
36 3
37 3
38 3
39 3
40 3
41 3
42 3
43 3
44 3
45 3
46 3
47 3
48 4
49 4
50 4
51 4
52 4
53 4
54 4
55 4
56 4
57 4
58 4
59 4
60 4
61 4
62 4
63 4
64 5
65 5
66 5
67 5
68 5
69 5
70 5
71 5
72 5
73 5
74 5
75 5
76 5
77 5
78 5
79 5
80 6
81 6
82 6
83 6
84 6
85 6
86 6
87 6
88 6
89 6
90 6
91 6
92 6
93 6
94 6
95 6
96 7
97 7
98 7
99 7
100 7
101 7
102 7
103 7
104 7
105 7
106 7
107 7
108 7
109 7
110 7
111 7
112 8
113 8
114 8
115 8
116 8
117 8
118 8
119 8
120 8
121 8
122 8
123 8
124 8
125 8
126 8
127 8
128 9
129 9
130 9
131 9
132 9
133 9
134 9
135 9
136 9
137 9
138 9
139 9
140 9
141 9
142 9
143 9
144 10
145 10
146 10
147 10
148 10
149 10
150 10
151 10
152 10
153 10
154 10
155 10
156 10
157 10
158 10
159 10
160 11
161 11
162 11
163 11
164 11
165 11
166 11
167 11
168 11
169 11
170 11
171 11
172 11
173 11
174 11
175 11
176 12
177 12
178 12
179 12
180 12
181 12
182 12
183 12
184 12
185 12
186 12
187 12
188 12
189 12
190 12
191 12
192 13
193 13
194 13
195 13
196 13
197 13
198 13
199 13
200 13
201 13
202 13
203 13
204 13
205 13
206 13
207 13
208 14
209 14
210 14
211 14
212 14
213 14
214 14
215 14
216 14
217 14
218 14
219 14
220 14
221 14
222 14
223 14
224 15
225 15
226 15
227 15
228 15
229 15
230 15
231 15
232 15
233 15
234 15
235 15
236 15
237 15
238 15
239 15
240 16
241 16
242 16
243 16
244 16
245 16
246 16
247 16
248 16
249 16
250 16
251 16
252 16
253 16
254 16
255 16
256 17
257 17
258 17
259 17
260 17
261 17
262 17
263 17
264 17
265 17
266 17
267 17
268 17
269 17
270 17
271 17
272 18
273 18
274 18
275 18
276 18
277 18
278 18
279 18
280 18
281 18
282 18
283 18
284 18
285 18
286 18
287 18
288 19
289 19
290 19
291 19
292 19
293 19
294 19
295 19
296 19
297 19
298 19
299 19
300 19
301 19
302 19
303 19
304 20
305 20
306 20
307 20
308 20
309 20
310 20
311 20
312 20
313 20
314 20
315 20
316 20
317 20
318 20
319 20
320 21
321 21
322 21
323 21
324 21
325 21
326 21
327 21
328 21
329 21
330 21
331 21
332 21
333 21
334 21
335 21
336 22
337 22
338 22
339 22
340 22
341 22
342 22
343 22
344 22
345 22
346 22
347 22
348 22
349 22
350 22
351 22
352 23
353 23
354 23
355 23
356 23
357 23
358 23
359 23
360 23
361 23
362 23
363 23
364 23
365 23
366 23
367 23
368 24
369 24
370 24
371 24
372 24
373 24
374 24
375 24
376 24
377 24
378 24
379 24
380 24
381 24
382 24
383 24
384 25
385 25
386 25
387 25
388 25
389 25
390 25
391 25
392 25
393 25
394 25
395 25
396 25
397 25
398 25
399 25
400 26
401 26
402 26
403 26
404 26
405 26
406 26
407 26
408 26
409 26
410 26
411 26
412 26
413 26
414 26
415 26
416 27
417 27
418 27
419 27
420 27
421 27
422 27
423 27
424 27
425 27
426 27
427 27
428 27
429 27
430 27
431 27
432 28
433 28
434 28
435 28
436 28
437 28
438 28
439 28
440 28
441 28
442 28
443 28
444 28
445 28
446 28
447 28
448 29
449 29
450 29
451 29
452 29
453 29
454 29
455 29
456 29
457 29
458 29
459 29
460 29
461 29
462 29
463 29
464 30
465 30
466 30
467 30
468 30
469 30
470 30
471 30
472 30
473 30
474 30
475 30
476 30
477 30
478 30
479 30
480 31
481 31
482 31
483 31
484 31
485 31
486 31
487 31
488 31
489 31
490 31
491 31
492 31
493 31
494 31
495 31
496 32
497 32
498 32
499 32
500 32
501 32
502 32
503 32
504 32
505 32
506 32
507 32
508 32
509 32
510 32
511 32
512 33
513 33
514 33
515 33
516 33
517 33
518 33
519 33
520 33
521 33
522 33
523 33
524 33
525 33
526 33
527 33
528 34
529 34
530 34
531 34
532 34
533 34
534 34
535 34
536 34
537 34
538 34
539 34
540 34
541 34
542 34
543 34
544 35
545 35
546 35
547 35
548 35
549 35
550 35
551 35
552 35
553 35
554 35
555 35
556 35
557 35
558 35
559 35
560 36
561 36
562 36
563 36
564 36
565 36
566 36
567 36
568 36
569 36
570 36
571 36
572 36
573 36
574 36
575 36
576 37
577 37
578 37
579 37
580 37
581 37
582 37
583 37
584 37
585 37
586 37
587 37
588 37
589 37
590 37
591 37
592 38
593 38
594 38
595 38
596 38
597 38
598 38
599 38
600 38
601 38
602 38
603 38
604 38
605 38
606 38
607 38
608 39
609 39
610 39
611 39
612 39
613 39
614 39
615 39
616 39
617 39
618 39
619 39
620 39
621 39
622 39
623 39
624 40
625 40
626 40
627 40
628 40
629 40
630 40
631 40
632 40
633 40
634 40
635 40
636 40
637 40
638 40
639 40
640 41
641 41
642 41
643 41
644 41
645 41
646 41
647 41
648 41
649 41
650 41
651 41
652 41
653 41
654 41
655 41
656 42
657 42
658 42
659 42
660 42
661 42
662 42
663 42
664 42
665 42
666 42
667 42
668 42
669 42
670 42
671 42
672 43
673 43
674 43
675 43
676 43
677 43
678 43
679 43
680 43
681 43
682 43
683 43
684 43
685 43
686 43
687 43
688 44
689 44
690 44
691 44
692 44
693 44
694 44
695 44
696 44
697 44
698 44
699 44
700 44
701 44
702 44
703 44
704 45
705 45
706 45
707 45
708 45
709 45
710 45
711 45
712 45
713 45
714 45
715 45
716 45
717 45
718 45
719 45
720 46
721 46
722 46
723 46
724 46
725 46
726 46
727 46
728 46
729 46
730 46
731 46
732 46
733 46
734 46
735 46
736 47
737 47
738 47
739 47
740 47
741 47
742 47
743 47
744 47
745 47
746 47
747 47
748 47
749 47
750 47
751 47
752 48
753 48
754 48
755 48
756 48
757 48
758 48
759 48
760 48
761 48
762 48
763 48
764 48
765 48
766 48
767 48
768 49
769 49
770 49
771 49
772 49
773 49
774 49
775 49
776 49
777 49
778 49
779 49
780 49
781 49
782 49
783 49
784 50
785 50
786 50
787 50
788 50
789 50
790 50
791 50
792 50
793 50
794 50
795 50
796 50
797 50
798 50
799 50
800 51
801 51
802 51
803 51
804 51
805 51
806 51
807 51
808 51
809 51
810 51
811 51
812 51
813 51
814 51
815 51
816 52
817 52
818 52
819 52
820 52
821 52
822 52
823 52
824 52
825 52
826 52
827 52
828 52
829 52
830 52
831 52
832 53
833 53
834 53
835 53
836 53
837 53
838 53
839 53
840 53
841 53
842 53
843 53
844 53
845 53
846 53
847 53
848 54
849 54
850 54
851 54
852 54
853 54
854 54
855 54
856 54
857 54
858 54
859 54
860 54
861 54
862 54
863 54
864 55
865 55
866 55
867 55
868 55
869 55
870 55
871 55
872 55
873 55
874 55
875 55
876 55
877 55
878 55
879 55
880 56
881 56
882 56
883 56
884 56
885 56
886 56
887 56
888 56
889 56
890 56
891 56
892 56
893 56
894 56
895 56
896 57
897 57
898 57
899 57
900 57
901 57
902 57
903 57
904 57
905 57
906 57
907 57
908 57
909 57
910 57
911 57
912 58
913 58
914 58
915 58
916 58
917 58
918 58
919 58
920 58
921 58
922 58
923 58
924 58
925 58
926 58
927 58
928 59
929 59
930 59
931 59
932 59
933 59
934 59
935 59
936 59
937 59
938 59
939 59
940 59
941 59
942 59
943 59
944 60
945 60
946 60
947 60
948 60
949 60
950 60
951 60
952 60
953 60
954 60
955 60
956 60
957 60
958 60
959 60
960 61
961 61
962 61
963 61
964 61
965 61
966 61
967 61
968 61
969 61
970 61
971 61
972 61
973 61
974 61
975 61
976 62
977 62
978 62
979 62
980 62
981 62
982 62
983 62
984 62
985 62
986 62
987 62
988 62
989 62
990 62
991 62
992 63
993 63
994 63
995 63
996 63
997 63
998 63
999 63
1000 63
1001 63
1002 63
1003 63
1004 63
1005 63
1006 63
1007 63
1008 64
1009 64
1010 64
1011 64
1012 64
1013 64
1014 64
1015 64
1016 64
1017 64
1018 64
1019 64
1020 64
1021 64
1022 64
1023 64
1024 65
1025 65
1026 65
1027 65
1028 65
1029 65
1030 65
1031 65
1032 65
1033 65
1034 65
1035 65
1036 65
1037 65
1038 65
1039 65
1040 66
1041 66
1042 66
1043 66
1044 66
1045 66
1046 66
1047 66
1048 66
1049 66
1050 66
1051 66
1052 66
1053 66
1054 66
1055 66
1056 67
1057 67
1058 67
1059 67
1060 67
1061 67
1062 67
1063 67
1064 67
1065 67
1066 67
1067 67
1068 67
1069 67
1070 67
1071 67
1072 68
1073 68
1074 68
1075 68
1076 68
1077 68
1078 68
1079 68
1080 68
1081 68
1082 68
1083 68
1084 68
1085 68
1086 68
1087 68
1088 69
1089 69
1090 69
1091 69
1092 69
1093 69
1094 69
1095 69
1096 69
1097 69
1098 69
1099 69
1100 69
1101 69
1102 69
1103 69
1104 70
1105 70
1106 70
1107 70
1108 70
1109 70
1110 70
1111 70
1112 70
1113 70
1114 70
1115 70
1116 70
1117 70
1118 70
1119 70
1120 71
1121 71
1122 71
1123 71
1124 71
1125 71
1126 71
1127 71
1128 71
1129 71
1130 71
1131 71
1132 71
1133 71
1134 71
1135 71
1136 72
1137 72
1138 72
1139 72
1140 72
1141 72
1142 72
1143 72
1144 72
1145 72
1146 72
1147 72
1148 72
1149 72
1150 72
1151 72
1152 73
1153 73
1154 73
1155 73
1156 73
1157 73
1158 73
1159 73
1160 73
1161 73
1162 73
1163 73
1164 73
1165 73
1166 73
1167 73
1168 74
1169 74
1170 74
1171 74
1172 74
1173 74
1174 74
1175 74
1176 74
1177 74
1178 74
1179 74
1180 74
1181 74
1182 74
1183 74
1184 75
1185 75
1186 75
1187 75
1188 75
1189 75
1190 75
1191 75
1192 75
1193 75
1194 75
1195 75
1196 75
1197 75
1198 75
1199 75
1200 76
1201 76
1202 76
1203 76
1204 76
1205 76
1206 76
1207 76
1208 76
1209 76
1210 76
1211 76
1212 76
1213 76
1214 76
1215 76
1216 77
1217 77
1218 77
1219 77
1220 77
1221 77
1222 77
1223 77
1224 77
1225 77
1226 77
1227 77
1228 77
1229 77
1230 77
1231 77
1232 78
1233 78
1234 78
1235 78
1236 78
1237 78
1238 78
1239 78
1240 78
1241 78
1242 78
1243 78
1244 78
1245 78
1246 78
1247 78
1248 79
1249 79
1250 79
1251 79
1252 79
1253 79
1254 79
1255 79
1256 79
1257 79
1258 79
1259 79
1260 79
1261 79
1262 79
1263 79
1264 80
1265 80
1266 80
1267 80
1268 80
1269 80
1270 80
1271 80
1272 80
1273 80
1274 80
1275 80
1276 80
1277 80
1278 80
1279 80
1280 81
1281 81
1282 81
1283 81
1284 81
1285 81
1286 81
1287 81
1288 81
1289 81
1290 81
1291 81
1292 81
1293 81
1294 81
1295 81
1296 82
1297 82
1298 82
1299 82
1300 82
1301 82
1302 82
1303 82
1304 82
1305 82
1306 82
1307 82
1308 82
1309 82
1310 82
1311 82
1312 83
1313 83
1314 83
1315 83
1316 83
1317 83
1318 83
1319 83
1320 83
1321 83
1322 83
1323 83
1324 83
1325 83
1326 83
1327 83
1328 84
1329 84
1330 84
1331 84
1332 84
1333 84
1334 84
1335 84
1336 84
1337 84
1338 84
1339 84
1340 84
1341 84
1342 84
1343 84
1344 85
1345 85
1346 85
1347 85
1348 85
1349 85
1350 85
1351 85
1352 85
1353 85
1354 85
1355 85
1356 85
1357 85
1358 85
1359 85
1360 86
1361 86
1362 86
1363 86
1364 86
1365 86
1366 86
1367 86
1368 86
1369 86
1370 86
1371 86
1372 86
1373 86
1374 86
1375 86
1376 87
1377 87
1378 87
1379 87
1380 87
1381 87
1382 87
1383 87
1384 87
1385 87
1386 87
1387 87
1388 87
1389 87
1390 87
1391 87
1392 88
1393 88
1394 88
1395 88
1396 88
1397 88
1398 88
1399 88
1400 88
1401 88
1402 88
1403 88
1404 88
1405 88
1406 88
1407 88
1408 89
1409 89
1410 89
1411 89
1412 89
1413 89
1414 89
1415 89
1416 89
1417 89
1418 89
1419 89
1420 89
1421 89
1422 89
1423 89
1424 90
1425 90
1426 90
1427 90
1428 90
1429 90
1430 90
1431 90
1432 90
1433 90
1434 90
1435 90
1436 90
1437 90
1438 90
1439 90
1440 91
1441 91
1442 91
1443 91
1444 91
1445 91
1446 91
1447 91
1448 91
1449 91
1450 91
1451 91
1452 91
1453 91
1454 91
1455 91
1456 92
1457 92
1458 92
1459 92
1460 92
1461 92
1462 92
1463 92
1464 92
1465 92
1466 92
1467 92
1468 92
1469 92
1470 92
1471 92
1472 93
1473 93
1474 93
1475 93
1476 93
1477 93
1478 93
1479 93
1480 93
1481 93
1482 93
1483 93
1484 93
1485 93
1486 93
1487 93
1488 94
1489 94
1490 94
1491 94
1492 94
1493 94
1494 94
1495 94
1496 94
1497 94
1498 94
1499 94
1500 94
1501 94
1502 94
1503 94
1504 95
1505 95
1506 95
1507 95
1508 95
1509 95
1510 95
1511 95
1512 95
1513 95
1514 95
1515 95
1516 95
1517 95
1518 95
1519 95
1520 96
1521 96
1522 96
1523 96
1524 96
1525 96
1526 96
1527 96
1528 96
1529 96
1530 96
1531 96
1532 96
1533 96
1534 96
1535 96
1536 97
1537 97
1538 97
1539 97
1540 97
1541 97
1542 97
1543 97
1544 97
1545 97
1546 97
1547 97
1548 97
1549 97
1550 97
1551 97
1552 98
1553 98
1554 98
1555 98
1556 98
1557 98
1558 98
1559 98
1560 98
1561 98
1562 98
1563 98
1564 98
1565 98
1566 98
1567 98
1568 99
1569 99
1570 99
1571 99
1572 99
1573 99
1574 99
1575 99
1576 99
1577 99
1578 99
1579 99
1580 99
1581 99
1582 99
1583 99
1584 100
1585 100
1586 100
1587 100
1588 100
1589 100
1590 100
1591 100
1592 100
1593 100
1594 100
1595 100
1596 100
1597 100
1598 100
1599 100