0 1
1 2
2 3
3 3
4 4
5 4
6 5
7 1
8 1
9 5
10 1
11 6
12 4
13 7
14 1
15 1
16 3
17 1
18 1
19 1
20 5
21 3
22 6
23 4
24 3
25 5
26 1
27 4
28 1
29 2
30 7
31 1
32 7
33 1
34 3
35 3
36 1
37 3
38 6
39 3
40 5
41 4
42 6
43 1
44 7
45 3
46 1
47 7
48 4
49 7
50 7
51 4
52 5
53 6
54 5
55 6
56 5
57 3
58 1
59 1
60 3
61 7
62 4
63 3
64 7
65 6
66 7
67 4
68 1
69 7
70 5
71 4
72 1
73 3
74 4
75 7
76 4
77 1
78 5
79 5
80 1
81 4
82 3
83 1
84 4
85 3
86 2
87 2
88 5
89 5
90 1
91 1
92 3
93 4
94 4
95 4
96 7
97 1
98 5
99 4
100 1
101 2
102 3
103 3
104 4
105 4
106 5
107 1
108 1
109 5
110 1
111 6
112 4
113 7
114 1
115 1
116 3
117 1
118 1
119 1
120 5
121 3
122 6
123 4
124 3
125 5
126 1
127 4
128 1
129 2
130 7
131 1
132 7
133 1
134 3
135 3
136 1
137 3
138 6
139 3
140 5
141 4
142 6
143 1
144 7
145 3
146 1
147 7
148 4
149 7
150 7
151 4
152 5
153 6
154 5
155 6
156 5
157 3
158 1
159 1
160 3
161 7
162 4
163 3
164 7
165 6
166 7
167 4
168 1
169 7
170 5
171 4
172 1
173 3
174 4
175 7
176 4
177 1
178 5
179 5
180 1
181 4
182 3
183 1
184 4
185 3
186 2
187 2
188 5
189 5
190 1
191 1
192 3
193 4
194 4
195 4
196 7
197 1
198 5
199 4
200 1
201 2
202 3
203 3
204 4
205 4
206 5
207 1
208 1
209 5
210 1
211 6
212 4
213 7
214 1
215 1
216 3
217 1
218 1
219 1
220 5
221 3
222 6
223 4
224 3
225 5
226 1
227 4
228 1
229 2
230 7
231 1
232 7
233 1
234 3
235 3
236 1
237 3
238 6
239 3
240 5
241 4
242 6
243 1
244 7
245 3
246 1
247 7
248 4
249 7
250 7
251 4
252 5
253 6
254 5
255 6
256 5
257 3
258 1
259 1
260 3
261 7
262 4
263 3
264 7
265 6
266 7
267 4
268 1
269 7
270 5
271 4
272 1
273 3
274 4
275 7
276 4
277 1
278 5
279 5
280 1
281 4
282 3
283 1
284 4
285 3
286 2
287 2
288 5
289 5
290 1
291 1
292 3
293 4
294 4
295 4
296 7
297 1
298 5
299 4
300 1
301 2
302 3
303 3
304 4
305 4
306 5
307 1
308 1
309 5
310 1
311 6
312 4
313 7
314 1
315 1
316 3
317 1
318 1
319 1
320 5
321 3
322 6
323 4
324 3
325 5
326 1
327 4
328 1
329 2
330 7
331 1
332 7
333 1
334 3
335 3
336 1
337 3
338 6
339 3
340 5
341 4
342 6
343 1
344 7
345 3
346 1
347 7
348 4
349 7
350 7
351 4
352 5
353 6
354 5
355 6
356 5
357 3
358 1
359 1
360 3
361 7
362 4
363 3
364 7
365 6
366 7
367 4
368 1
369 7
370 5
371 4
372 1
373 3
374 4
375 7
376 4
377 1
378 5
379 5
380 1
381 4
382 3
383 1
384 4
385 3
386 2
387 2
388 5
389 5
390 1
391 1
392 3
393 4
394 4
395 4
396 7
397 1
398 5
399 4
400 1
401 2
402 3
403 3
404 4
405 4
406 5
407 1
408 1
409 5
410 1
411 6
412 4
413 7
414 1
415 1
416 3
417 1
418 1
419 1
420 5
421 3
422 6
423 4
424 3
425 5
426 1
427 4
428 1
429 2
430 7
431 1
432 7
433 1
434 3
435 3
436 1
437 3
438 6
439 3
440 5
441 4
442 6
443 1
444 7
445 3
446 1
447 7
448 4
449 7
450 7
451 4
452 5
453 6
454 5
455 6
456 5
457 3
458 1
459 1
460 3
461 7
462 4
463 3
464 7
465 6
466 7
467 4
468 1
469 7
470 5
471 4
472 1
473 3
474 4
475 7
476 4
477 1
478 5
479 5
480 1
481 4
482 3
483 1
484 4
485 3
486 2
487 2
488 5
489 5
490 1
491 1
492 3
493 4
494 4
495 4
496 7
497 1
498 5
499 4
500 1
501 2
502 3
503 3
504 4
505 4
506 5
507 1
508 1
509 5
510 1
511 6
512 4
513 7
514 1
515 1
516 3
517 1
518 1
519 1
520 5
521 3
522 6
523 4
524 3
525 5
526 1
527 4
528 1
529 2
530 7
531 1
532 7
533 1
534 3
535 3
536 1
537 3
538 6
539 3
540 5
541 4
542 6
543 1
544 7
545 3
546 1
547 7
548 4
549 7
550 7
551 4
552 5
553 6
554 5
555 6
556 5
557 3
558 1
559 1
560 3
561 7
562 4
563 3
564 7
565 6
566 7
567 4
568 1
569 7
570 5
571 4
572 1
573 3
574 4
575 7
576 4
577 1
578 5
579 5
580 1
581 4
582 3
583 1
584 4
585 3
586 2
587 2
588 5
589 5
590 1
591 1
592 3
593 4
594 4
595 4
596 7
597 1
598 5
599 4
600 1
601 2
602 3
603 3
604 4
605 4
606 5
607 1
608 1
609 5
610 1
611 6
612 4
613 7
614 1
615 1
616 3
617 1
618 1
619 1
620 5
621 3
622 6
623 4
624 3
625 5
626 1
627 4
628 1
629 2
630 7
631 1
632 7
633 1
634 3
635 3
636 1
637 3
638 6
639 3
640 5
641 4
642 6
643 1
644 7
645 3
646 1
647 7
648 4
649 7
650 7
651 4
652 5
653 6
654 5
655 6
656 5
657 3
658 1
659 1
660 3
661 7
662 4
663 3
664 7
665 6
666 7
667 4
668 1
669 7
670 5
671 4
672 1
673 3
674 4
675 7
676 4
677 1
678 5
679 5
680 1
681 4
682 3
683 1
684 4
685 3
686 2
687 2
688 5
689 5
690 1
691 1
692 3
693 4
694 4
695 4
696 7
697 1
698 5
699 4
700 1
701 2
702 3
703 3
704 4
705 4
706 5
707 1
708 1
709 5
710 1
711 6
712 4
713 7
714 1
715 1
716 3
717 1
718 1
719 1
720 5
721 3
722 6
723 4
724 3
725 5
726 1
727 4
728 1
729 2
730 7
731 1
732 7
733 1
734 3
735 3
736 1
737 3
738 6
739 3
740 5
741 4
742 6
743 1
744 7
745 3
746 1
747 7
748 4
749 7
750 7
751 4
752 5
753 6
754 5
755 6
756 5
757 3
758 1
759 1
760 3
761 7
762 4
763 3
764 7
765 6
766 7
767 4
768 1
769 7
770 5
771 4
772 1
773 3
774 4
775 7
776 4
777 1
778 5
779 5
780 1
781 4
782 3
783 1
784 4
785 3
786 2
787 2
788 5
789 5
790 1
791 1
792 3
793 4
794 4
795 4
796 7
797 1
798 5
799 4
800 1
801 2
802 3
803 3
804 4
805 4
806 5
807 1
808 1
809 5
810 1
811 6
812 4
813 7
814 1
815 1
816 3
817 1
818 1
819 1
820 5
821 3
822 6
823 4
824 3
825 5
826 1
827 4
828 1
829 2
830 7
831 1
832 7
833 1
834 3
835 3
836 1
837 3
838 6
839 3
840 5
841 4
842 6
843 1
844 7
845 3
846 1
847 7
848 4
849 7
850 7
851 4
852 5
853 6
854 5
855 6
856 5
857 3
858 1
859 1
860 3
861 7
862 4
863 3
864 7
865 6
866 7
867 4
868 1
869 7
870 5
871 4
872 1
873 3
874 4
875 7
876 4
877 1
878 5
879 5
880 1
881 4
882 3
883 1
884 4
885 3
886 2
887 2
888 5
889 5
890 1
891 1
892 3
893 4
894 4
895 4
896 7
897 1
898 5
899 4
900 1
901 2
902 3
903 3
904 4
905 4
906 5
907 1
908 1
909 5
910 1
911 6
912 4
913 7
914 1
915 1
916 3
917 1
918 1
919 1
920 5
921 3
922 6
923 4
924 3
925 5
926 1
927 4
928 1
929 2
930 7
931 1
932 7
933 1
934 3
935 3
936 1
937 3
938 6
939 3
940 5
941 4
942 6
943 1
944 7
945 3
946 1
947 7
948 4
949 7
950 7
951 4
952 5
953 6
954 5
955 6
956 5
957 3
958 1
959 1
960 3
961 7
962 4
963 3
964 7
965 6
966 7
967 4
968 1
969 7
970 5
971 4
972 1
973 3
974 4
975 7
976 4
977 1
978 5
979 5
980 1
981 4
982 3
983 1
984 4
985 3
986 2
987 2
988 5
989 5
990 1
991 1
992 3
993 4
994 4
995 4
996 7
997 1
998 5
999 4
1000 1
1001 2
1002 3
1003 3
1004 4
1005 4
1006 5
1007 1
1008 1
1009 5
1010 1
1011 6
1012 4
1013 7
1014 1
1015 1
1016 3
1017 1
1018 1
1019 1
1020 5
1021 3
1022 6
1023 4
1024 3
1025 5
1026 1
1027 4
1028 1
1029 2
1030 7
1031 1
1032 7
1033 1
1034 3
1035 3
1036 1
1037 3
1038 6
1039 3
1040 5
1041 4
1042 6
1043 1
1044 7
1045 3
1046 1
1047 7
1048 4
1049 7
1050 7
1051 4
1052 5
1053 6
1054 5
1055 6
1056 5
1057 3
1058 1
1059 1
1060 3
1061 7
1062 4
1063 3
1064 7
1065 6
1066 7
1067 4
1068 1
1069 7
1070 5
1071 4
1072 1
1073 3
1074 4
1075 7
1076 4
1077 1
1078 5
1079 5
1080 1
1081 4
1082 3
1083 1
1084 4
1085 3
1086 2
1087 2
1088 5
1089 5
1090 1
1091 1
1092 3
1093 4
1094 4
1095 4
1096 7
1097 1
1098 5
1099 4
1100 1
1101 2
1102 3
1103 3
1104 4
1105 4
1106 5
1107 1
1108 1
1109 5
1110 1
1111 6
1112 4
1113 7
1114 1
1115 1
1116 3
1117 1
1118 1
1119 1
1120 5
1121 3
1122 6
1123 4
1124 3
1125 5
1126 1
1127 4
1128 1
1129 2
1130 7
1131 1
1132 7
1133 1
1134 3
1135 3
1136 1
1137 3
1138 6
1139 3
1140 5
1141 4
1142 6
1143 1
1144 7
1145 3
1146 1
1147 7
1148 4
1149 7
1150 7
1151 4
1152 5
1153 6
1154 5
1155 6
1156 5
1157 3
1158 1
1159 1
1160 3
1161 7
1162 4
1163 3
1164 7
1165 6
1166 7
1167 4
1168 1
1169 7
1170 5
1171 4
1172 1
1173 3
1174 4
1175 7
1176 4
1177 1
1178 5
1179 5
1180 1
1181 4
1182 3
1183 1
1184 4
1185 3
1186 2
1187 2
1188 5
1189 5
1190 1
1191 1
1192 3
1193 4
1194 4
1195 4
1196 7
1197 1
1198 5
1199 4
1200 1
1201 2
1202 3
1203 3
1204 4
1205 4
1206 5
1207 1
1208 1
1209 5
1210 1
1211 6
1212 4
1213 7
1214 1
1215 1
1216 3
1217 1
1218 1
1219 1
1220 5
1221 3
1222 6
1223 4
1224 3
1225 5
1226 1
1227 4
1228 1
1229 2
1230 7
1231 1
1232 7
1233 1
1234 3
1235 3
1236 1
1237 3
1238 6
1239 3
1240 5
1241 4
1242 6
1243 1
1244 7
1245 3
1246 1
1247 7
1248 4
1249 7
1250 7
1251 4
1252 5
1253 6
1254 5
1255 6
1256 5
1257 3
1258 1
1259 1
1260 3
1261 7
1262 4
1263 3
1264 7
1265 6
1266 7
1267 4
1268 1
1269 7
1270 5
1271 4
1272 1
1273 3
1274 4
1275 7
1276 4
1277 1
1278 5
1279 5
1280 1
1281 4
1282 3
1283 1
1284 4
1285 3
1286 2
1287 2
1288 5
1289 5
1290 1
1291 1
1292 3
1293 4
1294 4
1295 4
1296 7
1297 1
1298 5
1299 4
1300 1
1301 2
1302 3
1303 3
1304 4
1305 4
1306 5
1307 1
1308 1
1309 5
1310 1
1311 6
1312 4
1313 7
1314 1
1315 1
1316 3
1317 1
1318 1
1319 1
1320 5
1321 3
1322 6
1323 4
1324 3
1325 5
1326 1
1327 4
1328 1
1329 2
1330 7
1331 1
1332 7
1333 1
1334 3
1335 3
1336 1
1337 3
1338 6
1339 3
1340 5
1341 4
1342 6
1343 1
1344 7
1345 3
1346 1
1347 7
1348 4
1349 7
1350 7
1351 4
1352 5
1353 6
1354 5
1355 6
1356 5
1357 3
1358 1
1359 1
1360 3
1361 7
1362 4
1363 3
1364 7
1365 6
1366 7
1367 4
1368 1
1369 7
1370 5
1371 4
1372 1
1373 3
1374 4
1375 7
1376 4
1377 1
1378 5
1379 5
1380 1
1381 4
1382 3
1383 1
1384 4
1385 3
1386 2
1387 2
1388 5
1389 5
1390 1
1391 1
1392 3
1393 4
1394 4
1395 4
1396 7
1397 1
1398 5
1399 4
1400 1
1401 2
1402 3
1403 3
1404 4
1405 4
1406 5
1407 1
1408 1
1409 5
1410 1
1411 6
1412 4
1413 7
1414 1
1415 1
1416 3
1417 1
1418 1
1419 1
1420 5
1421 3
1422 6
1423 4
1424 3
1425 5
1426 1
1427 4
1428 1
1429 2
1430 7
1431 1
1432 7
1433 1
1434 3
1435 3
1436 1
1437 3
1438 6
1439 3
1440 5
1441 4
1442 6
1443 1
1444 7
1445 3
1446 1
1447 7
1448 4
1449 7
1450 7
1451 4
1452 5
1453 6
1454 5
1455 6
1456 5
1457 3
1458 1
1459 1
1460 3
1461 7
1462 4
1463 3
1464 7
1465 6
1466 7
1467 4
1468 1
1469 7
1470 5
1471 4
1472 1
1473 3
1474 4
1475 7
1476 4
1477 1
1478 5
1479 5
1480 1
1481 4
1482 3
1483 1
1484 4
1485 3
1486 2
1487 2
1488 5
1489 5
1490 1
1491 1
1492 3
1493 4
1494 4
1495 4
1496 7
1497 1
1498 5
1499 4
1500 1
1501 2
1502 3
1503 3
1504 4
1505 4
1506 5
1507 1
1508 1
1509 5
1510 1
1511 6
1512 4
1513 7
1514 1
1515 1
1516 3
1517 1
1518 1
1519 1
1520 5
1521 3
1522 6
1523 4
1524 3
1525 5
1526 1
1527 4
1528 1
1529 2
1530 7
1531 1
1532 7
1533 1
1534 3
1535 3
1536 1
1537 3
1538 6
1539 3
1540 5
1541 4
1542 6
1543 1
1544 7
1545 3
1546 1
1547 7
1548 4
1549 7
1550 7
1551 4
1552 5
1553 6
1554 5
1555 6
1556 5
1557 3
1558 1
1559 1
1560 3
1561 7
1562 4
1563 3
1564 7
1565 6
1566 7
1567 4
1568 1
1569 7
1570 5
1571 4
1572 1
1573 3
1574 4
1575 7
1576 4
1577 1
1578 5
1579 5
1580 1
1581 4
1582 3
1583 1
1584 4
1585 3
1586 2
1587 2
1588 5
1589 5
1590 1
1591 1
1592 3
1593 4
1594 4
1595 4
1596 7
1597 1
1598 5
1599 4
1600 1
1601 2
1602 3
1603 3
1604 4
1605 4
1606 5
1607 1
1608 1
1609 5
1610 1
1611 6
1612 4
1613 7
1614 1
1615 1
1616 3
1617 1
1618 1
1619 1
1620 5
1621 3
1622 6
1623 4
1624 3
1625 5
1626 1
1627 4
1628 1
1629 2
1630 7
1631 1
1632 7
1633 1
1634 3
1635 3
1636 1
1637 3
1638 6
1639 3
1640 5
1641 4
1642 6
1643 1
1644 7
1645 3
1646 1
1647 7
1648 4
1649 7
1650 7
1651 4
1652 5
1653 6
1654 5
1655 6
1656 5
1657 3
1658 1
1659 1
1660 3
1661 7
1662 4
1663 3
1664 7
1665 6
1666 7
1667 4
1668 1
1669 7
1670 5
1671 4
1672 1
1673 3
1674 4
1675 7
1676 4
1677 1
1678 5
1679 5
1680 1
1681 4
1682 3
1683 1
1684 4
1685 3
1686 2
1687 2
1688 5
1689 5
1690 1
1691 1
1692 3
1693 4
1694 4
1695 4
1696 7
1697 1
1698 5
1699 4
1700 1
1701 2
1702 3
1703 3
1704 4
1705 4
1706 5
1707 1
1708 1
1709 5
1710 1
1711 6
1712 4
1713 7
1714 1
1715 1
1716 3
1717 1
1718 1
1719 1
1720 5
1721 3
1722 6
1723 4
1724 3
1725 5
1726 1
1727 4
1728 1
1729 2
1730 7
1731 1
1732 7
1733 1
1734 3
1735 3
1736 1
1737 3
1738 6
1739 3
1740 5
1741 4
1742 6
1743 1
1744 7
1745 3
1746 1
1747 7
1748 4
1749 7
1750 7
1751 4
1752 5
1753 6
1754 5
1755 6
1756 5
1757 3
1758 1
1759 1
1760 3
1761 7
1762 4
1763 3
1764 7
1765 6
1766 7
1767 4
1768 1
1769 7
1770 5
1771 4
1772 1
1773 3
1774 4
1775 7
1776 4
1777 1
1778 5
1779 5
1780 1
1781 4
1782 3
1783 1
1784 4
1785 3
1786 2
1787 2
1788 5
1789 5
1790 1
1791 1
1792 3
1793 4
1794 4
1795 4
1796 7
1797 1
1798 5
1799 4
1800 1
1801 2
1802 3
1803 3
1804 4
1805 4
1806 5
1807 1
1808 1
1809 5
1810 1
1811 6
1812 4
1813 7
1814 1
1815 1
1816 3
1817 1
1818 1
1819 1
1820 5
1821 3
1822 6
1823 4
1824 3
1825 5
1826 1
1827 4
1828 1
1829 2
1830 7
1831 1
1832 7
1833 1
1834 3
1835 3
1836 1
1837 3
1838 6
1839 3
1840 5
1841 4
1842 6
1843 1
1844 7
1845 3
1846 1
1847 7
1848 4
1849 7
1850 7
1851 4
1852 5
1853 6
1854 5
1855 6
1856 5
1857 3
1858 1
1859 1
1860 3
1861 7
1862 4
1863 3
1864 7
1865 6
1866 7
1867 4
1868 1
1869 7
1870 5
1871 4
1872 1
1873 3
1874 4
1875 7
1876 4
1877 1
1878 5
1879 5
1880 1
1881 4
1882 3
1883 1
1884 4
1885 3
1886 2
1887 2
1888 5
1889 5
1890 1
1891 1
1892 3
1893 4
1894 4
1895 4
1896 7
1897 1
1898 5
1899 4
1900 1
1901 2
1902 3
1903 3
1904 4
1905 4
1906 5
1907 1
1908 1
1909 5
1910 1
1911 6
1912 4
1913 7
1914 1
1915 1
1916 3
1917 1
1918 1
1919 1
1920 5
1921 3
1922 6
1923 4
1924 3
1925 5
1926 1
1927 4
1928 1
1929 2
1930 7
1931 1
1932 7
1933 1
1934 3
1935 3
1936 1
1937 3
1938 6
1939 3
1940 5
1941 4
1942 6
1943 1
1944 7
1945 3
1946 1
1947 7
1948 4
1949 7
1950 7
1951 4
1952 5
1953 6
1954 5
1955 6
1956 5
1957 3
1958 1
1959 1
1960 3
1961 7
1962 4
1963 3
1964 7
1965 6
1966 7
1967 4
1968 1
1969 7
1970 5
1971 4
1972 1
1973 3
1974 4
1975 7
1976 4
1977 1
1978 5
1979 5
1980 1
1981 4
1982 3
1983 1
1984 4
1985 3
1986 2
1987 2
1988 5
1989 5
1990 1
1991 1
1992 3
1993 4
1994 4
1995 4
1996 7
1997 1
1998 5
1999 4
2000 1
2001 2
2002 3
2003 3
2004 4
2005 4
2006 5
2007 1
2008 1
2009 5
2010 1
2011 6
2012 4
2013 7
2014 1
2015 1
2016 3
2017 1
2018 1
2019 1
2020 5
2021 3
2022 6
2023 4
2024 3
2025 5
2026 1
2027 4
2028 1
2029 2
2030 7
2031 1
2032 7
2033 1
2034 3
2035 3
2036 1
2037 3
2038 6
2039 3
2040 5
2041 4
2042 6
2043 1
2044 7
2045 3
2046 1
2047 7
2048 4
2049 7
2050 7
2051 4
2052 5
2053 6
2054 5
2055 6
2056 5
2057 3
2058 1
2059 1
2060 3
2061 7
2062 4
2063 3
2064 7
2065 6
2066 7
2067 4
2068 1
2069 7
2070 5
2071 4
2072 1
2073 3
2074 4
2075 7
2076 4
2077 1
2078 5
2079 5
2080 1
2081 4
2082 3
2083 1
2084 4
2085 3
2086 2
2087 2
2088 5
2089 5
2090 1
2091 1
2092 3
2093 4
2094 4
2095 4
2096 7
2097 1
2098 5
2099 4
2100 1
2101 2
2102 3
2103 3
2104 4
2105 4
2106 5
2107 1
2108 1
2109 5
2110 1
2111 6
2112 4
2113 7
2114 1
2115 1
2116 3
2117 1
2118 1
2119 1
2120 5
2121 3
2122 6
2123 4
2124 3
2125 5
2126 1
2127 4
2128 1
2129 2
2130 7
2131 1
2132 7
2133 1
2134 3
2135 3
2136 1
2137 3
2138 6
2139 3
2140 5
2141 4
2142 6
2143 1
2144 7
2145 3
2146 1
2147 7
2148 4
2149 7
2150 7
2151 4
2152 5
2153 6
2154 5
2155 6
2156 5
2157 3
2158 1
2159 1
2160 3
2161 7
2162 4
2163 3
2164 7
2165 6
2166 7
2167 4
2168 1
2169 7
2170 5
2171 4
2172 1
2173 3
2174 4
2175 7
2176 4
2177 1
2178 5
2179 5
2180 1
2181 4
2182 3
2183 1
2184 4
2185 3
2186 2
2187 2
2188 5
2189 5
2190 1
2191 1
2192 3
2193 4
2194 4
2195 4
2196 7
2197 1
2198 5
2199 4
2200 1
2201 2
2202 3
2203 3
2204 4
2205 4
2206 5
2207 1
2208 1
2209 5
2210 1
2211 6
2212 4
2213 7
2214 1
2215 1
2216 3
2217 1
2218 1
2219 1
2220 5
2221 3
2222 6
2223 4
2224 3
2225 5
2226 1
2227 4
2228 1
2229 2
2230 7
2231 1
2232 7
2233 1
2234 3
2235 3
2236 1
2237 3
2238 6
2239 3
2240 5
2241 4
2242 6
2243 1
2244 7
2245 3
2246 1
2247 7
2248 4
2249 7
2250 7
2251 4
2252 5
2253 6
2254 5
2255 6
2256 5
2257 3
2258 1
2259 1
2260 3
2261 7
2262 4
2263 3
2264 7
2265 6
2266 7
2267 4
2268 1
2269 7
2270 5
2271 4
2272 1
2273 3
2274 4
2275 7
2276 4
2277 1
2278 5
2279 5
2280 1
2281 4
2282 3
2283 1
2284 4
2285 3
2286 2
2287 2
2288 5
2289 5
2290 1
2291 1
2292 3
2293 4
2294 4
2295 4
2296 7
2297 1
2298 5
2299 4
2300 1
2301 2
2302 3
2303 3
2304 4
2305 4
2306 5
2307 1
2308 1
2309 5
2310 1
2311 6
2312 4
2313 7
2314 1
2315 1
2316 3
2317 1
2318 1
2319 1
2320 5
2321 3
2322 6
2323 4
2324 3
2325 5
2326 1
2327 4
2328 1
2329 2
2330 7
2331 1
2332 7
2333 1
2334 3
2335 3
2336 1
2337 3
2338 6
2339 3
2340 5
2341 4
2342 6
2343 1
2344 7
2345 3
2346 1
2347 7
2348 4
2349 7
2350 7
2351 4
2352 5
2353 6
2354 5
2355 6
2356 5
2357 3
2358 1
2359 1
2360 3
2361 7
2362 4
2363 3
2364 7
2365 6
2366 7
2367 4
2368 1
2369 7
2370 5
2371 4
2372 1
2373 3
2374 4
2375 7
2376 4
2377 1
2378 5
2379 5
2380 1
2381 4
2382 3
2383 1
2384 4
2385 3
2386 2
2387 2
2388 5
2389 5
2390 1
2391 1
2392 3
2393 4
2394 4
2395 4
2396 7
2397 1
2398 5
2399 4
2400 1
2401 2
2402 3
2403 3
2404 4
2405 4
2406 5
2407 1
2408 1
2409 5
2410 1
2411 6
2412 4
2413 7
2414 1
2415 1
2416 3
2417 1
2418 1
2419 1
2420 5
2421 3
2422 6
2423 4
2424 3
2425 5
2426 1
2427 4
2428 1
2429 2
2430 7
2431 1
2432 7
2433 1
2434 3
2435 3
2436 1
2437 3
2438 6
2439 3
2440 5
2441 4
2442 6
2443 1
2444 7
2445 3
2446 1
2447 7
2448 4
2449 7
2450 7
2451 4
2452 5
2453 6
2454 5
2455 6
2456 5
2457 3
2458 1
2459 1
2460 3
2461 7
2462 4
2463 3
2464 7
2465 6
2466 7
2467 4
2468 1
2469 7
2470 5
2471 4
2472 1
2473 3
2474 4
2475 7
2476 4
2477 1
2478 5
2479 5
2480 1
2481 4
2482 3
2483 1
2484 4
2485 3
2486 2
2487 2
2488 5
2489 5
2490 1
2491 1
2492 3
2493 4
2494 4
2495 4
2496 7
2497 1
2498 5
2499 4
2500 1
2501 2
2502 3
2503 3
2504 4
2505 4
2506 5
2507 1
2508 1
2509 5
2510 1
2511 6
2512 4
2513 7
2514 1
2515 1
2516 3
2517 1
2518 1
2519 1
2520 5
2521 3
2522 6
2523 4
2524 3
2525 5
2526 1
2527 4
2528 1
2529 2
2530 7
2531 1
2532 7
2533 1
2534 3
2535 3
2536 1
2537 3
2538 6
2539 3
2540 5
2541 4
2542 6
2543 1
2544 7
2545 3
2546 1
2547 7
2548 4
2549 7
2550 7
2551 4
2552 5
2553 6
2554 5
2555 6
2556 5
2557 3
2558 1
2559 1
2560 3
2561 7
2562 4
2563 3
2564 7
2565 6
2566 7
2567 4
2568 1
2569 7
2570 5
2571 4
2572 1
2573 3
2574 4
2575 7
2576 4
2577 1
2578 5
2579 5
2580 1
2581 4
2582 3
2583 1
2584 4
2585 3
2586 2
2587 2
2588 5
2589 5
2590 1
2591 1
2592 3
2593 4
2594 4
2595 4
2596 7
2597 1
2598 5
2599 4
2600 6
2601 1
2602 2
2603 1
2604 6
2605 7
2606 1
2607 7
2608 1
2609 2
2610 1
2611 1
2612 1
2613 6
2614 7
2615 1
2616 7
2617 2
2618 5
2619 1
2620 4
2621 1
2622 7
2623 5
2624 6
2625 1
2626 7
2627 5
2628 3
2629 3
2630 6
2631 1
2632 1
2633 5
2634 4
2635 7
2636 2
2637 6
2638 6
2639 1
2640 2
2641 6
2642 1
2643 6
2644 5
2645 7
2646 6
2647 3
2648 1
2649 2
2650 2
2651 5
2652 7
2653 5
2654 4
2655 3
2656 7
2657 5
2658 7
2659 6
2660 4
2661 4
2662 1
2663 2
2664 6
2665 7
2666 3
2667 6
2668 2
2669 4
2670 1
2671 1
2672 1
2673 6
2674 1
2675 5
2676 1
2677 4
2678 1
2679 4
2680 1
2681 1
2682 4
2683 1
2684 1
2685 5
2686 1
2687 3
2688 6
2689 5
2690 5
2691 1
2692 7
2693 4
2694 5
2695 5
2696 5
2697 4
2698 4
2699 4
2700 4
2701 1
2702 6
2703 6
2704 6
2705 6
2706 7
2707 1
