0 2
1 10
2 3
3 4
4 6
5 7
6 5
7 10
8 2
9 8
10 7
11 10
12 4
13 2
14 3
15 4
16 6
17 5
18 10
19 10
20 10
21 10
22 5
23 8
24 6
25 3
26 2
27 3
28 6
29 9
30 2
31 9
32 4
33 6
34 3
35 8
36 1
37 2
38 2
39 8
40 6
41 1
42 5
43 10
44 2
45 8
46 3
47 9
48 10
49 3
50 5
51 5
52 8
53 5
54 2
55 8
56 9
57 3
58 3
59 10
60 2
61 2
62 3
63 10
64 6
65 10
66 2
67 4
68 5
69 8
70 2
71 6
72 1
73 7
74 2
75 9
76 1
77 2
78 4
79 3
80 2
81 4
82 7
83 7
84 2
85 4
86 4
87 10
88 4
89 4
90 5
91 4
92 6
93 10
94 3
95 6
96 10
97 9
98 4
99 10
100 7
101 3
102 3
103 5
104 9
105 2
106 2
107 10
108 4
109 10
110 4
111 4
112 9
113 4
114 3
115 3
116 8
117 10
118 10
119 6
120 10
121 3
122 1
123 10
124 3
125 9
126 2
127 4
128 10
129 3
130 9
131 7
132 9
133 2
134 4
135 1
136 5
137 7
138 5
139 4
140 10
141 1
142 10
143 2
144 5
145 9
146 10
147 8
148 10
149 6
150 10
151 9
152 2
153 10
154 8
155 2
156 4
157 6
158 2
159 3
160 10
161 1
162 3
163 10
164 8
165 7
166 4
167 7
168 4
169 7
170 9
171 1
172 9
173 4
174 3
175 10
176 6
177 9
178 10
179 3
180 2
181 3
182 3
183 3
184 7
185 6
186 10
187 9
188 6
189 3
190 4
191 3
192 10
193 5
194 7
195 7
196 2
197 10
198 8
199 2
200 1
201 5
202 2
203 10
204 2
205 8
206 7
207 3
208 9
209 9
210 3
211 3
212 10
213 4
214 3
215 2
216 6
217 3
218 10
219 9
220 10
221 9
222 2
223 3
224 5
225 6
226 7
227 2
228 8
229 1
230 4
231 3
232 9
233 7
234 4
235 8
236 3
237 8
238 5
239 9
240 6
241 6
242 9
243 3
244 4
245 7
246 5
247 9
248 8
249 8
250 2
251 6
252 9
253 2
254 6
255 5
256 10
257 5
258 4
259 4
260 3
261 9
262 2
263 5
264 8
265 5
266 1
267 3
268 8
269 9
270 8
271 10
272 10
273 1
274 8
275 6
276 4
277 2
278 10
279 7
280 8
281 2
282 3
283 7
284 5
285 3
286 10
287 4
288 10
289 4
290 6
291 9
292 1
293 5
294 2
295 10
296 4
297 9
298 2
299 9
300 4
301 10
302 5
303 10
304 10
305 4
306 1
307 5
308 9
309 3
310 3
311 6
312 1
313 10
314 5
315 4
316 9
317 9
318 1
319 3
320 3
321 2
322 3
323 5
324 1
325 7
326 6
327 6
328 6
329 3
330 3
331 7
332 6
333 9
334 3
335 5
336 7
337 7
338 5
339 4
340 9
341 9
342 10
343 2
344 7
345 8
346 9
347 2
348 5
349 7
350 7
351 2
352 3
353 4
354 6
355 8
356 3
357 10
358 2
359 6
360 9
361 2
362 9
363 4
364 8
365 10
366 2
367 3
368 4
369 3
370 9
371 2
372 2
373 2
374 2
375 3
376 9
377 5
378 2
379 2
380 10
381 4
382 10
383 9
384 4
385 2
386 7
387 5
388 7
389 2
390 3
391 1
392 7
393 2
394 5
395 3
396 3
397 5
398 5
399 3
400 8
401 9
402 3
403 4
404 9
405 9
406 2
407 2
408 4
409 4
410 4
411 6
412 3
413 5
414 10
415 9
416 6
417 4
418 5
419 7
420 10
421 6
422 6
423 2
424 2
425 10
426 3
427 7
428 2
429 7
430 3
431 4
432 5
433 2
434 3
435 5
436 8
437 4
438 10
439 3
440 9
441 9
442 2
443 5
444 6
445 4
446 8
447 5
448 1
449 2
450 4
451 7
452 6
453 10
454 3
455 2
456 5
457 6
458 3
459 5
460 4
461 4
462 4
463 1
464 4
465 5
466 10
467 1
468 3
469 5
470 7
471 4
472 4
473 2
474 8
475 2
476 9
477 6
478 10
479 7
480 9
481 6
482 5
483 10
484 4
485 8
486 9
487 9
488 2
489 3
490 5
491 5
492 2
493 4
494 5
495 2
496 2
497 4
498 3
499 6
500 4
501 6
502 10
503 3
504 10
505 1
506 10
507 7
508 10
509 6
510 7
511 5
512 4
513 6
514 2
515 3
516 1
517 9
518 10
519 6
520 2
521 10
522 9
523 6
524 3
525 10
526 5
527 9
528 3
529 6
530 8
531 4
532 4
533 9
534 10
535 3
536 3
537 10
538 10
539 4
540 7
541 10
542 10
543 4
544 2
545 10
546 8
547 10
548 4
549 10
550 3
551 2
552 2
553 3
554 3
555 3
556 6
557 2
558 7
559 3
560 7
561 4
562 10
563 2
564 3
565 9
566 10
567 7
568 6
569 10
570 9
571 9
572 10
573 10
574 9
575 9
576 9
577 8
578 9
579 4
580 9
581 3
582 4
583 7
584 9
585 5
586 4
587 2
588 9
589 10
590 2
591 4
592 6
593 7
594 3
595 2
596 10
597 8
598 6
599 7
600 6
601 10
602 6
603 10
604 4
605 7
606 10
607 4
608 10
609 3
610 2
611 9
612 2
613 2
614 8
615 5
616 10
617 8
618 3
619 8
620 10
621 2
622 3
623 3
624 3
625 7
626 3
627 10
628 10
629 1
630 3
631 1
632 5
633 6
634 6
635 5
636 9
637 5
638 1
639 1
640 6
641 8
642 2
643 1
644 4
645 6
646 10
647 4
648 8
649 1
650 10
651 10
652 7
653 1
654 10
655 5
656 10
657 2
658 2
659 9
660 5
661 10
662 1
663 1
664 7
665 7
666 5
667 4
668 3
669 5
670 10
671 3
672 5
673 7
674 4
675 1
676 5
677 3
678 6
679 3
680 3
681 4
682 5
683 10
684 4
685 4
686 9
687 10
688 10
689 4
690 5
691 4
692 3
