0 0.054705 0.066094 0.084391 0.044436 0.048544 0.195482 0.050971 0.050784 0.053025 0.351568
1 0.106930 0.185511 0.057692 0.150033 0.057692 0.066147 0.219662 0.050066 0.055869 0.050398
2 0.047949 0.049658 0.055983 0.076923 0.125812 0.327778 0.153333 0.064701 0.064957 0.032906
3 0.073077 0.159846 0.219231 0.091231 0.138154 0.064308 0.038462 0.064462 0.049077 0.102154
4 0.058093 0.073718 0.110577 0.182091 0.121194 0.060697 0.045473 0.253205 0.038261 0.056691
5 0.068944 0.167962 0.074877 0.050941 0.042144 0.041735 0.033756 0.372136 0.109043 0.038462
6 0.091140 0.293476 0.044808 0.073115 0.043031 0.027545 0.131252 0.130871 0.033257 0.131505
7 0.045673 0.171424 0.210938 0.175631 0.138221 0.062350 0.028245 0.047025 0.043570 0.076923
8 0.069712 0.050554 0.072115 0.026151 0.048368 0.046474 0.031396 0.055580 0.082969 0.516681
9 0.094521 0.042634 0.045174 0.395864 0.196480 0.070392 0.031386 0.034470 0.044086 0.044993
10 0.035450 0.030112 0.048316 0.031892 0.043526 0.030249 0.028470 0.663838 0.053928 0.034218
11 0.054754 0.093483 0.060897 0.320379 0.289263 0.038194 0.035256 0.032318 0.043670 0.031784
12 0.120374 0.122661 0.086486 0.124324 0.082952 0.065281 0.156549 0.096466 0.066320 0.078586
13 0.049369 0.068312 0.081515 0.072139 0.062572 0.044393 0.060850 0.050517 0.048794 0.461538
14 0.037227 0.066639 0.084122 0.047511 0.054093 0.319827 0.164336 0.054504 0.054299 0.117441
15 0.102747 0.133883 0.050733 0.446886 0.048168 0.099176 0.040842 0.020421 0.024908 0.032234
16 0.057877 0.046228 0.081916 0.040311 0.176036 0.104290 0.087463 0.284024 0.062315 0.059541
17 0.250847 0.121916 0.036768 0.053701 0.068215 0.049347 0.192066 0.070634 0.085148 0.071359
18 0.040840 0.014475 0.033499 0.030190 0.675868 0.045182 0.038358 0.029156 0.052006 0.040426
19 0.043846 0.067115 0.131346 0.039615 0.208077 0.220385 0.081346 0.063846 0.055192 0.089231
20 0.099016 0.057329 0.041848 0.084986 0.454685 0.027818 0.092485 0.057975 0.052169 0.031688
21 0.065065 0.043934 0.052296 0.064913 0.546215 0.045455 0.029796 0.045911 0.057312 0.049103
22 0.108648 0.226727 0.047771 0.049241 0.020088 0.057937 0.057447 0.295321 0.086845 0.049976
23 0.195249 0.183484 0.074887 0.175792 0.048416 0.047511 0.130317 0.048416 0.053167 0.042760
24 0.054020 0.104307 0.026637 0.041698 0.039084 0.032114 0.064352 0.497386 0.098083 0.042320
25 0.135514 0.068296 0.045651 0.040079 0.039899 0.425593 0.053379 0.054277 0.081416 0.055895
26 0.049530 0.146514 0.161455 0.052988 0.039292 0.041229 0.064333 0.080243 0.035279 0.329137
27 0.051508 0.054558 0.044053 0.209759 0.060657 0.241444 0.142155 0.058963 0.039478 0.097425
28 0.069760 0.179414 0.038021 0.036478 0.032621 0.042319 0.049813 0.377672 0.044082 0.129821
29 0.082176 0.036210 0.034522 0.055535 0.054221 0.064728 0.063415 0.098499 0.477861 0.032833
30 0.036437 0.086820 0.140351 0.076698 0.051507 0.062978 0.034188 0.043635 0.040486 0.426901
31 0.028100 0.043799 0.056986 0.076138 0.035165 0.037834 0.112088 0.030769 0.527002 0.052119
32 0.187369 0.234447 0.038567 0.092161 0.025116 0.102984 0.136927 0.061160 0.060635 0.060635
33 0.069266 0.081909 0.039530 0.038462 0.032942 0.046296 0.053597 0.487179 0.119302 0.031517
34 0.041740 0.043269 0.097247 0.047640 0.054196 0.473776 0.075830 0.043051 0.055288 0.067963
35 0.102291 0.035679 0.041571 0.377741 0.149100 0.059247 0.094763 0.026187 0.076105 0.037316
36 0.069956 0.061103 0.056313 0.114514 0.378374 0.098984 0.078955 0.040348 0.071553 0.029898
37 0.325111 0.129883 0.039166 0.043194 0.030608 0.083971 0.145389 0.050443 0.033226 0.119009
38 0.037221 0.040736 0.111869 0.045492 0.075476 0.043631 0.045492 0.092845 0.066791 0.440447
39 0.280719 0.153513 0.060273 0.184316 0.072095 0.063603 0.052947 0.045621 0.051782 0.035132
40 0.050082 0.103928 0.039280 0.034043 0.053028 0.175123 0.030769 0.422750 0.056301 0.034697
41 0.099145 0.225855 0.079274 0.168376 0.045299 0.050214 0.087179 0.120940 0.038034 0.085684
42 0.075811 0.661168 0.020760 0.070992 0.022335 0.036145 0.045042 0.025301 0.027062 0.015385
43 0.047498 0.220343 0.040547 0.206905 0.168906 0.062095 0.044949 0.115153 0.036376 0.057229
44 0.037482 0.120284 0.084027 0.059775 0.040421 0.042871 0.058795 0.048016 0.051445 0.456884
45 0.208990 0.052672 0.027958 0.364690 0.081866 0.070899 0.069509 0.038616 0.035990 0.048811
46 0.051998 0.045337 0.093253 0.076278 0.037387 0.151697 0.053287 0.061667 0.057800 0.371294
47 0.091052 0.025432 0.025903 0.060754 0.061224 0.037677 0.050235 0.035165 0.586185 0.026374
48 0.052871 0.123967 0.066328 0.351769 0.114749 0.036448 0.141661 0.034647 0.037826 0.039733
49 0.029678 0.056029 0.086771 0.025685 0.030876 0.564147 0.037397 0.035933 0.042188 0.091296
50 0.076557 0.432418 0.052564 0.049084 0.042308 0.043407 0.119231 0.091575 0.038278 0.054579
51 0.183223 0.158686 0.032179 0.068263 0.038037 0.043046 0.055782 0.297079 0.064952 0.058754
52 0.094837 0.058307 0.043555 0.484545 0.067088 0.079909 0.053038 0.053916 0.036881 0.027924
53 0.270236 0.145299 0.047260 0.063013 0.024719 0.042148 0.161304 0.172281 0.050360 0.023379
54 0.050993 0.082134 0.155087 0.031390 0.030769 0.036973 0.037097 0.042060 0.053846 0.479653
55 0.485519 0.091405 0.038462 0.103239 0.049206 0.024136 0.082217 0.054189 0.037994 0.033634
56 0.068047 0.024291 0.033634 0.057614 0.035347 0.085799 0.098256 0.030520 0.524291 0.042199
57 0.035326 0.146321 0.085284 0.129390 0.034699 0.233278 0.129808 0.054975 0.059156 0.091764
58 0.059036 0.038740 0.061168 0.177294 0.045876 0.369509 0.126228 0.039018 0.026043 0.057090
59 0.026259 0.048038 0.178097 0.117084 0.318350 0.086191 0.068428 0.041705 0.054062 0.061786
60 0.042711 0.056524 0.188483 0.053124 0.056524 0.040161 0.033149 0.043349 0.053974 0.432002
61 0.034385 0.037753 0.111131 0.103332 0.051046 0.094116 0.070011 0.040411 0.042006 0.415810
62 0.103309 0.235540 0.055009 0.043530 0.036673 0.122093 0.059779 0.164580 0.094663 0.084824
63 0.062056 0.031674 0.040078 0.054460 0.442469 0.040562 0.159502 0.096962 0.044602 0.027634
64 0.102653 0.196663 0.033905 0.045765 0.049317 0.039869 0.079603 0.376843 0.043755 0.031627
65 0.065180 0.037611 0.053778 0.072839 0.533867 0.082539 0.031484 0.037951 0.050545 0.034207
66 0.033703 0.044211 0.119350 0.061261 0.070381 0.128668 0.067803 0.042823 0.042823 0.388977
67 0.067363 0.366830 0.082926 0.127168 0.035571 0.046910 0.118497 0.048911 0.034460 0.071365
68 0.151750 0.190485 0.024973 0.052588 0.025337 0.050492 0.320817 0.113835 0.031535 0.038188
69 0.597447 0.060116 0.026665 0.074499 0.043471 0.030058 0.036684 0.060601 0.026180 0.044279
70 0.036600 0.033576 0.101117 0.042959 0.040012 0.041331 0.030630 0.048465 0.054358 0.570952
71 0.088951 0.219301 0.070490 0.036224 0.050629 0.078881 0.046294 0.282098 0.069650 0.057483
72 0.377037 0.060061 0.030883 0.210875 0.054187 0.085828 0.030883 0.044335 0.033725 0.072186
73 0.154404 0.200223 0.036455 0.036343 0.021405 0.108919 0.058528 0.279041 0.041695 0.062988
74 0.037592 0.071925 0.076923 0.034333 0.049544 0.055845 0.033681 0.055628 0.052369 0.532160
75 0.041552 0.092033 0.024038 0.031593 0.047047 0.033997 0.036058 0.117788 0.529705 0.046188
76 0.222516 0.310664 0.060416 0.083196 0.041763 0.066854 0.051997 0.091284 0.031694 0.039617
77 0.042754 0.142857 0.077095 0.032795 0.052198 0.038633 0.064732 0.042926 0.033139 0.472871
78 0.133850 0.048051 0.040298 0.395940 0.082228 0.052336 0.105183 0.048562 0.053356 0.040196
79 0.021193 0.038985 0.179749 0.047881 0.073522 0.285976 0.121010 0.051675 0.034144 0.145866
80 0.044471 0.057452 0.193990 0.051923 0.059135 0.052163 0.052163 0.041106 0.035577 0.412019
81 0.042875 0.072825 0.174968 0.036097 0.099937 0.385404 0.063209 0.026009 0.040511 0.058165
82 0.083473 0.060201 0.077062 0.054208 0.040412 0.042085 0.052118 0.437430 0.105351 0.047659
83 0.050630 0.132334 0.067253 0.040526 0.019557 0.173403 0.048240 0.375380 0.049000 0.043677
84 0.055513 0.029178 0.123911 0.043198 0.045756 0.039883 0.020462 0.026620 0.064513 0.550966
85 0.067935 0.070025 0.039298 0.442517 0.045987 0.053930 0.140677 0.062709 0.040970 0.035953
86 0.061856 0.064631 0.081153 0.233016 0.054454 0.030531 0.352366 0.024055 0.031060 0.066878
87 0.042532 0.067155 0.047823 0.292430 0.284900 0.046602 0.048840 0.051079 0.075295 0.043346
88 0.061772 0.098135 0.044755 0.316783 0.058741 0.038928 0.216084 0.048019 0.045455 0.071329
89 0.079373 0.246448 0.071534 0.270456 0.036747 0.053895 0.075208 0.044586 0.045566 0.076188
90 0.247285 0.123982 0.051584 0.070362 0.042081 0.050000 0.115158 0.159502 0.054977 0.085068
91 0.347501 0.081263 0.049087 0.066597 0.036815 0.075427 0.048488 0.156690 0.044897 0.093236
92 0.409056 0.148685 0.054138 0.048685 0.028043 0.078286 0.031646 0.121811 0.023759 0.055891
93 0.047440 0.087376 0.039132 0.543554 0.058831 0.038194 0.052533 0.040740 0.049049 0.043152
94 0.061166 0.045069 0.102677 0.026771 0.040325 0.424771 0.117926 0.070823 0.066418 0.044053
95 0.135153 0.077192 0.036579 0.058365 0.036579 0.040882 0.076385 0.442846 0.053389 0.042630
96 0.080812 0.081785 0.043863 0.280035 0.234334 0.079084 0.061474 0.032736 0.056936 0.048941
97 0.027663 0.028254 0.026183 0.069083 0.036982 0.034024 0.042160 0.054438 0.656805 0.024408
98 0.262420 0.114984 0.088742 0.076122 0.050280 0.078526 0.103165 0.038462 0.042468 0.144832
99 0.087202 0.087367 0.036804 0.245524 0.093170 0.037964 0.263097 0.053714 0.061174 0.033985
100 0.040274 0.081152 0.069472 0.062223 0.080346 0.055981 0.039066 0.422674 0.088200 0.060612
101 0.095142 0.072252 0.062442 0.126440 0.152133 0.189661 0.081595 0.041420 0.090315 0.088602
102 0.030944 0.058741 0.411538 0.042483 0.038811 0.115035 0.063287 0.032517 0.050874 0.155769
103 0.102435 0.560495 0.038462 0.048512 0.031697 0.055276 0.050251 0.040201 0.038075 0.034596
104 0.036878 0.047511 0.235068 0.033032 0.118100 0.099548 0.062217 0.100226 0.118778 0.148643
105 0.030364 0.094534 0.123684 0.032794 0.044939 0.064980 0.035628 0.046356 0.038866 0.487854
106 0.029566 0.074699 0.112114 0.046834 0.034144 0.047619 0.030612 0.031005 0.037415 0.555992
107 0.047982 0.049695 0.065308 0.086824 0.442688 0.093869 0.048553 0.051980 0.072544 0.040556
108 0.100475 0.062446 0.054883 0.423725 0.097018 0.048617 0.063526 0.048617 0.060069 0.040622
109 0.042258 0.026081 0.033509 0.053648 0.661935 0.053648 0.028392 0.033840 0.037141 0.029548
110 0.146933 0.053651 0.040896 0.055696 0.057254 0.181986 0.236709 0.066504 0.083934 0.076436
111 0.167646 0.241375 0.044084 0.257731 0.031050 0.059545 0.084334 0.046639 0.036545 0.031050
112 0.068966 0.276525 0.062599 0.045225 0.039788 0.035146 0.127454 0.070557 0.245491 0.028249
113 0.083710 0.068156 0.044259 0.481618 0.075933 0.058258 0.051753 0.039310 0.057268 0.039734
114 0.060769 0.030769 0.447885 0.049423 0.081346 0.140577 0.032115 0.044808 0.054615 0.057692
115 0.027333 0.029676 0.080828 0.035338 0.041390 0.256540 0.055057 0.028504 0.064623 0.380711
116 0.471488 0.067702 0.034215 0.180660 0.060786 0.027057 0.056176 0.035064 0.022810 0.044043
117 0.056985 0.033702 0.034088 0.306921 0.348855 0.069591 0.035374 0.033831 0.057628 0.023025
118 0.031272 0.034867 0.051941 0.091121 0.565960 0.097412 0.034687 0.031812 0.032710 0.028217
119 0.040343 0.316890 0.114548 0.077759 0.047241 0.080268 0.062918 0.167851 0.044314 0.047868
120 0.044453 0.068806 0.046966 0.125048 0.450908 0.060108 0.084654 0.041167 0.035949 0.041940
121 0.027539 0.041599 0.077155 0.038810 0.079944 0.381362 0.213688 0.039043 0.041831 0.059029
122 0.119129 0.091048 0.080837 0.082199 0.057182 0.218346 0.126787 0.085432 0.045439 0.093601
123 0.219916 0.048553 0.051219 0.225819 0.165461 0.059787 0.058644 0.060168 0.071973 0.038462
124 0.050459 0.124030 0.064397 0.092802 0.058927 0.381263 0.073218 0.035992 0.050106 0.068807
125 0.033654 0.024818 0.029626 0.229340 0.027287 0.025078 0.050546 0.032354 0.519231 0.028067
126 0.088364 0.225657 0.065239 0.066699 0.070594 0.039435 0.041626 0.070837 0.054528 0.277020
127 0.274388 0.042974 0.040395 0.169746 0.124624 0.059519 0.118393 0.048346 0.052213 0.069403
128 0.042494 0.031017 0.043114 0.395471 0.265199 0.046371 0.049163 0.035825 0.056917 0.034429
129 0.083791 0.161813 0.044093 0.065797 0.037775 0.226099 0.096016 0.195055 0.055769 0.033791
130 0.046059 0.042498 0.056030 0.080484 0.045109 0.037987 0.061254 0.131529 0.462013 0.037037
131 0.077665 0.042295 0.047860 0.038709 0.032402 0.040193 0.061959 0.547242 0.065174 0.046500
132 0.240131 0.159373 0.051207 0.113806 0.058877 0.026957 0.052335 0.076697 0.194789 0.025829
133 0.028193 0.032860 0.137976 0.055825 0.028006 0.064600 0.041075 0.037155 0.049477 0.524832
134 0.356375 0.048894 0.046575 0.076818 0.086512 0.045627 0.071970 0.083772 0.079979 0.103477
135 0.179734 0.152811 0.042456 0.050296 0.039349 0.217751 0.146006 0.078698 0.032101 0.060799
136 0.165556 0.165253 0.039572 0.046033 0.033919 0.035433 0.045629 0.369473 0.030184 0.068948
137 0.039216 0.079336 0.070739 0.033786 0.035596 0.051584 0.044947 0.503469 0.091101 0.050226
138 0.036445 0.318496 0.068712 0.052434 0.039470 0.049553 0.039038 0.189283 0.039038 0.167531
139 0.100093 0.106889 0.058233 0.082484 0.082020 0.132685 0.161878 0.118165 0.078468 0.079086
140 0.040210 0.030548 0.064133 0.273371 0.420040 0.065421 0.025488 0.029812 0.029076 0.021899
141 0.064044 0.324982 0.074629 0.070572 0.047636 0.148730 0.054340 0.079393 0.050635 0.085039
142 0.074492 0.070513 0.070955 0.149646 0.337975 0.045093 0.064766 0.073828 0.050840 0.061892
143 0.055640 0.261326 0.101703 0.058680 0.031317 0.058072 0.049255 0.058832 0.031317 0.293858
144 0.109950 0.363085 0.107023 0.069398 0.032818 0.058737 0.065008 0.088002 0.045569 0.060410
145 0.076831 0.041498 0.021991 0.029996 0.029628 0.027328 0.067722 0.094406 0.562845 0.047755
146 0.138881 0.037264 0.043251 0.327297 0.309563 0.042128 0.021850 0.013993 0.033149 0.032625
147 0.323703 0.033415 0.057779 0.226244 0.056735 0.059346 0.111382 0.043334 0.060912 0.027149
148 0.043004 0.032405 0.041490 0.161215 0.581971 0.029073 0.022007 0.031799 0.029982 0.027054
149 0.093112 0.069062 0.028542 0.045854 0.028729 0.037619 0.101348 0.300393 0.268856 0.026483
150 0.059414 0.064390 0.064390 0.163318 0.405090 0.061806 0.033104 0.038270 0.061137 0.049082
151 0.116533 0.056257 0.038844 0.070608 0.048220 0.061424 0.210677 0.108113 0.248182 0.041140
152 0.116393 0.078796 0.034140 0.032267 0.028090 0.232786 0.228464 0.049697 0.038750 0.160617
153 0.088509 0.061276 0.038223 0.088629 0.445533 0.072742 0.104037 0.036789 0.031295 0.032967
154 0.142935 0.262684 0.057010 0.184943 0.045827 0.082651 0.063284 0.064921 0.049918 0.045827
155 0.080144 0.034483 0.096438 0.065176 0.052861 0.073323 0.039598 0.064039 0.066313 0.427624
156 0.090538 0.086794 0.043737 0.314159 0.046630 0.055820 0.245235 0.035568 0.041525 0.039993
157 0.111079 0.257750 0.038175 0.040040 0.040614 0.034874 0.054679 0.341418 0.042049 0.039323
158 0.037024 0.061646 0.054996 0.084112 0.058950 0.055536 0.236880 0.058052 0.035406 0.317398
159 0.030864 0.034188 0.069326 0.031695 0.045109 0.193139 0.032051 0.023148 0.048908 0.491572
160 0.048687 0.050519 0.123932 0.073107 0.351954 0.121032 0.046093 0.067766 0.068223 0.048687
161 0.216317 0.108392 0.059207 0.121678 0.053380 0.256643 0.045688 0.034033 0.036131 0.068531
162 0.077113 0.045472 0.060250 0.041872 0.054945 0.342933 0.111406 0.079007 0.087723 0.099280
163 0.017679 0.024750 0.027251 0.032425 0.757416 0.061056 0.019489 0.022077 0.018455 0.019403
164 0.371199 0.047853 0.035778 0.129249 0.109869 0.054562 0.106142 0.068277 0.028175 0.048897
165 0.056582 0.087795 0.036123 0.037643 0.041384 0.049567 0.052490 0.477554 0.058569 0.102291
166 0.141841 0.043575 0.062917 0.114051 0.148066 0.075589 0.206092 0.060249 0.068253 0.079369
167 0.091346 0.072596 0.042788 0.053365 0.122596 0.061538 0.063942 0.333894 0.096635 0.061298
168 0.121414 0.042204 0.045530 0.067152 0.045738 0.270686 0.236798 0.043659 0.084407 0.042412
169 0.103192 0.075260 0.043339 0.051097 0.031368 0.041565 0.038018 0.512414 0.054423 0.049324
170 0.051346 0.024432 0.032544 0.029681 0.042088 0.030445 0.033976 0.046574 0.682191 0.026723
171 0.203793 0.196848 0.062767 0.061432 0.040331 0.173611 0.125401 0.064103 0.051950 0.019765
172 0.151982 0.043883 0.042697 0.042020 0.031854 0.070823 0.076076 0.077770 0.422569 0.040325
173 0.140271 0.529760 0.030282 0.043334 0.029934 0.048381 0.044031 0.057953 0.040028 0.036025
174 0.059329 0.055851 0.054010 0.067717 0.058920 0.398936 0.105974 0.078151 0.060352 0.060761
175 0.039438 0.073604 0.183522 0.064623 0.376611 0.078680 0.032409 0.045881 0.041976 0.063257
176 0.119488 0.094223 0.063647 0.240586 0.069601 0.022369 0.099855 0.228033 0.024380 0.037818
177 0.189384 0.158120 0.073324 0.042285 0.039586 0.048133 0.086145 0.087719 0.199730 0.075574
178 0.055122 0.071074 0.076923 0.348990 0.165544 0.069656 0.048210 0.036335 0.086494 0.041652
179 0.110884 0.089607 0.177441 0.087425 0.250136 0.102291 0.050873 0.048009 0.034233 0.049100
180 0.041280 0.091678 0.066976 0.029344 0.057195 0.042938 0.026194 0.033654 0.060179 0.550564
181 0.064449 0.054054 0.049376 0.087665 0.098406 0.337665 0.095114 0.076403 0.091996 0.044872
182 0.110094 0.103785 0.072039 0.061457 0.039683 0.132479 0.112332 0.049044 0.068987 0.250102
183 0.029191 0.040039 0.062919 0.033925 0.067456 0.471992 0.129586 0.028600 0.085602 0.050690
184 0.028577 0.091799 0.048346 0.038853 0.058720 0.052065 0.034645 0.547563 0.055490 0.043942
185 0.069838 0.336640 0.057490 0.059717 0.033198 0.034413 0.047571 0.229757 0.051215 0.080162
186 0.041877 0.044996 0.059697 0.106772 0.476685 0.045738 0.062964 0.033561 0.053906 0.073805
187 0.116484 0.084982 0.043040 0.051465 0.070879 0.042491 0.093590 0.071612 0.391392 0.034066
188 0.074629 0.073571 0.099859 0.111680 0.051870 0.062809 0.072159 0.297459 0.070219 0.085745
189 0.050507 0.047971 0.302832 0.060651 0.043745 0.255706 0.052832 0.040997 0.065300 0.079459
190 0.050346 0.048833 0.059853 0.071305 0.111279 0.348099 0.123812 0.056612 0.064175 0.065687
191 0.021480 0.036100 0.039811 0.023392 0.057355 0.506635 0.097728 0.062078 0.079622 0.075798
192 0.078777 0.034600 0.095613 0.367161 0.184430 0.067346 0.036454 0.035372 0.054526 0.045721
193 0.079302 0.454666 0.068861 0.094370 0.030003 0.038990 0.083664 0.045334 0.035157 0.069654
194 0.077739 0.125408 0.044988 0.061072 0.049126 0.058392 0.053846 0.447552 0.057517 0.024359
195 0.050068 0.062699 0.022872 0.061106 0.064747 0.034820 0.044265 0.524579 0.100364 0.034479
196 0.039566 0.027052 0.290578 0.077107 0.045639 0.038830 0.027420 0.034413 0.043246 0.376150
197 0.025797 0.032208 0.045966 0.045810 0.646811 0.042058 0.033615 0.034866 0.038462 0.054409
198 0.463854 0.090044 0.028171 0.112040 0.039619 0.039105 0.083869 0.054798 0.050296 0.038204
199 0.025063 0.027569 0.179776 0.091768 0.034124 0.105360 0.027473 0.020628 0.043860 0.444380
200 0.106376 0.166320 0.112786 0.065835 0.123527 0.189536 0.064276 0.067221 0.056480 0.047644
201 0.094984 0.379288 0.072115 0.050156 0.048077 0.099922 0.076793 0.093425 0.050676 0.034563
202 0.036733 0.079084 0.126404 0.037813 0.031115 0.064823 0.039110 0.031547 0.042351 0.511020
203 0.077893 0.068520 0.042825 0.297511 0.249354 0.093891 0.051875 0.044118 0.041370 0.032644
204 0.035986 0.106055 0.105484 0.104722 0.033511 0.108149 0.026276 0.038081 0.035986 0.405750
205 0.198932 0.082051 0.043376 0.328526 0.058120 0.070085 0.103312 0.026709 0.050748 0.038141
206 0.057257 0.166551 0.145841 0.026453 0.026105 0.037069 0.047859 0.338670 0.067525 0.086669
207 0.020863 0.039597 0.195004 0.040165 0.051519 0.526540 0.024411 0.019728 0.033920 0.048254
208 0.085950 0.050628 0.095369 0.145408 0.065934 0.130298 0.039835 0.073391 0.270016 0.043171
209 0.118011 0.076173 0.053846 0.065291 0.069981 0.096248 0.168293 0.070919 0.238649 0.042589
210 0.064020 0.041811 0.046402 0.082878 0.054094 0.514516 0.078660 0.024566 0.037469 0.055583
211 0.034239 0.023168 0.061287 0.063456 0.046336 0.542798 0.108194 0.028761 0.048619 0.043141
212 0.024070 0.016916 0.096112 0.075745 0.642064 0.022471 0.025248 0.026427 0.039387 0.031560
213 0.212421 0.077276 0.173606 0.076923 0.138144 0.051517 0.064749 0.088038 0.067572 0.049753
214 0.076923 0.097089 0.112266 0.098753 0.098960 0.106653 0.174636 0.071310 0.106445 0.056965
215 0.062438 0.031968 0.111555 0.076590 0.094905 0.048785 0.068432 0.041126 0.071096 0.393107
216 0.066166 0.149131 0.037872 0.076628 0.053935 0.036104 0.120690 0.349101 0.065871 0.044503
217 0.093284 0.064724 0.026837 0.054679 0.031716 0.455367 0.075344 0.091705 0.064581 0.041762
218 0.056802 0.040954 0.060007 0.070691 0.415776 0.054843 0.117877 0.043803 0.052350 0.086895
219 0.049800 0.040018 0.068253 0.064473 0.044020 0.051134 0.065140 0.056247 0.480213 0.080703
220 0.105602 0.055136 0.046576 0.190529 0.140507 0.099044 0.250445 0.033015 0.052245 0.026901
221 0.112989 0.035813 0.052081 0.040605 0.042371 0.029004 0.027491 0.026482 0.611602 0.021564
222 0.043683 0.041768 0.216672 0.039158 0.043509 0.072920 0.039158 0.047337 0.046467 0.409328
223 0.053355 0.041643 0.154425 0.035136 0.035714 0.388664 0.066368 0.025593 0.041209 0.157895
224 0.184615 0.416947 0.054087 0.052644 0.034615 0.046154 0.064663 0.062740 0.049760 0.033774
225 0.082615 0.107231 0.044462 0.041846 0.044000 0.054923 0.049538 0.470154 0.049231 0.056000
226 0.062538 0.110794 0.054683 0.045297 0.059580 0.031422 0.051928 0.472761 0.082330 0.028668
227 0.034652 0.044086 0.047170 0.034289 0.056604 0.061321 0.030842 0.038462 0.047351 0.605225
228 0.476870 0.058419 0.041501 0.128998 0.049828 0.036347 0.032117 0.040444 0.072694 0.062781
229 0.245743 0.231259 0.046095 0.085242 0.036211 0.045312 0.054512 0.140830 0.054022 0.060775
230 0.129389 0.057002 0.216174 0.098028 0.213609 0.057988 0.047732 0.050690 0.068836 0.060552
231 0.042999 0.064391 0.044512 0.080812 0.041487 0.154278 0.409896 0.049914 0.060285 0.051426
232 0.030615 0.028171 0.029714 0.035632 0.034088 0.025727 0.023154 0.039619 0.728582 0.024698
233 0.074844 0.176888 0.055787 0.067741 0.043659 0.054920 0.098579 0.310638 0.070340 0.046604
234 0.097902 0.165385 0.070629 0.253147 0.064685 0.114860 0.089860 0.031469 0.034790 0.077273
235 0.215114 0.097990 0.042520 0.068419 0.161384 0.066486 0.199652 0.050831 0.061075 0.036529
236 0.022934 0.055556 0.107977 0.172507 0.043590 0.303561 0.057692 0.037892 0.033618 0.164672
237 0.337718 0.172005 0.041035 0.143838 0.045039 0.047469 0.084930 0.027309 0.059337 0.041321
238 0.113493 0.201056 0.053515 0.034206 0.022068 0.037752 0.056983 0.331416 0.053515 0.095996
239 0.104228 0.068262 0.097181 0.054169 0.364797 0.041251 0.049178 0.065032 0.101439 0.054463
240 0.168760 0.082418 0.032967 0.053151 0.040031 0.037340 0.121664 0.391007 0.046423 0.026239
241 0.092083 0.104295 0.072431 0.066676 0.082398 0.071870 0.034391 0.340820 0.053762 0.081275
242 0.039935 0.054337 0.074304 0.056628 0.068740 0.036334 0.023895 0.074795 0.508511 0.062520
243 0.037896 0.040017 0.097285 0.106618 0.054016 0.404836 0.107890 0.059389 0.045673 0.046380
244 0.182322 0.075999 0.129993 0.090052 0.102256 0.094859 0.070451 0.099297 0.054179 0.100592
245 0.348954 0.124668 0.051724 0.095049 0.047156 0.037135 0.049072 0.136605 0.072797 0.036841
246 0.082445 0.434692 0.069497 0.072163 0.029893 0.037319 0.055979 0.110053 0.063024 0.044935
247 0.055028 0.052711 0.062326 0.093837 0.025602 0.047034 0.136353 0.028151 0.461307 0.037651
248 0.291896 0.191758 0.042308 0.140797 0.046566 0.047802 0.091209 0.065110 0.038599 0.043956
249 0.461706 0.061538 0.042642 0.121405 0.078763 0.027926 0.064716 0.061538 0.032107 0.047659
250 0.031324 0.030531 0.109040 0.038065 0.039519 0.120804 0.033175 0.035025 0.041898 0.520619
251 0.210470 0.080662 0.034322 0.100561 0.125000 0.069044 0.234909 0.058627 0.033120 0.053285
252 0.065885 0.100379 0.048982 0.048120 0.041566 0.089169 0.094688 0.063815 0.387202 0.060193
253 0.047054 0.117226 0.046236 0.108020 0.056056 0.047872 0.042349 0.056465 0.036620 0.442103
254 0.145881 0.089744 0.031786 0.197466 0.036186 0.014945 0.083144 0.338264 0.041344 0.021241
255 0.161187 0.403607 0.050750 0.043728 0.040855 0.056655 0.029205 0.123843 0.045484 0.044686
256 0.040689 0.056282 0.065637 0.040541 0.589991 0.035492 0.033413 0.027176 0.036086 0.074696
257 0.107217 0.302940 0.055094 0.069944 0.047669 0.044253 0.055391 0.220968 0.054500 0.042026
258 0.121871 0.303564 0.049535 0.139366 0.042131 0.065719 0.066571 0.125737 0.039772 0.045735
259 0.110093 0.045431 0.035622 0.094605 0.346283 0.041301 0.186371 0.055498 0.049690 0.035106
260 0.127171 0.053143 0.038255 0.314516 0.060174 0.042804 0.200786 0.045285 0.077543 0.040323
261 0.077543 0.217184 0.058747 0.066625 0.056452 0.022767 0.055273 0.063834 0.274504 0.107072
262 0.098084 0.031313 0.072348 0.056191 0.048184 0.039891 0.049328 0.039462 0.100372 0.464827
263 0.068966 0.514968 0.059682 0.077113 0.032588 0.074271 0.047177 0.039030 0.052861 0.033346
264 0.107756 0.206294 0.052924 0.327241 0.036554 0.094406 0.060712 0.053878 0.032263 0.027972
265 0.297588 0.374620 0.030530 0.042482 0.024989 0.020643 0.065624 0.070404 0.027053 0.046067
266 0.140871 0.164041 0.071362 0.106117 0.048424 0.221501 0.064643 0.046803 0.051205 0.085032
267 0.043557 0.032709 0.082512 0.022847 0.043886 0.569855 0.072978 0.038297 0.045694 0.047666
268 0.274179 0.050607 0.066127 0.124157 0.046784 0.061404 0.235493 0.048583 0.040261 0.052407
269 0.104052 0.051168 0.027644 0.038462 0.029190 0.094609 0.094952 0.113496 0.359032 0.087397
270 0.403279 0.086429 0.049102 0.038462 0.023722 0.022065 0.299233 0.038636 0.018751 0.020321
271 0.049544 0.033681 0.074750 0.097566 0.428292 0.139287 0.039113 0.031943 0.063451 0.042373
272 0.040673 0.055173 0.086262 0.119440 0.498034 0.050995 0.028385 0.021996 0.047186 0.051855
273 0.110615 0.149538 0.048769 0.122462 0.075077 0.047385 0.094308 0.241846 0.046769 0.063231
274 0.408312 0.054138 0.035545 0.149289 0.054685 0.046482 0.121947 0.033175 0.043930 0.052497
275 0.081731 0.218510 0.076202 0.045913 0.071635 0.073077 0.059375 0.202163 0.085577 0.085817
276 0.053342 0.254808 0.068452 0.180174 0.040751 0.147436 0.075549 0.040064 0.047619 0.091804
277 0.075444 0.074387 0.113483 0.069315 0.051986 0.080304 0.054311 0.034024 0.043322 0.403423
278 0.170940 0.056527 0.053030 0.042152 0.304973 0.037490 0.102758 0.078089 0.092657 0.061383
279 0.225393 0.104012 0.051902 0.084781 0.044251 0.039702 0.069686 0.274607 0.042390 0.063275
280 0.382223 0.145905 0.043054 0.168389 0.074436 0.046881 0.040853 0.018944 0.048029 0.031286
281 0.058436 0.062261 0.124522 0.072036 0.115810 0.089035 0.067361 0.067786 0.060348 0.282405
282 0.020780 0.048578 0.288188 0.034634 0.044933 0.264947 0.099162 0.018866 0.041196 0.138717
283 0.064288 0.186919 0.065775 0.037161 0.032702 0.072092 0.036232 0.371052 0.036418 0.097362
284 0.149867 0.373563 0.065134 0.069850 0.047451 0.060713 0.036988 0.105806 0.045388 0.045240
285 0.024150 0.025045 0.089088 0.027728 0.056887 0.173166 0.029875 0.034884 0.029696 0.509481
286 0.121083 0.055149 0.086895 0.127595 0.141636 0.060236 0.247456 0.050265 0.068173 0.041514
287 0.105399 0.107803 0.251202 0.089959 0.131657 0.060189 0.074982 0.063609 0.051683 0.063517
288 0.138431 0.053571 0.030525 0.073871 0.370421 0.053114 0.049603 0.100885 0.085012 0.044567
289 0.019970 0.138067 0.193787 0.115261 0.033531 0.213018 0.052392 0.048817 0.029463 0.155695
290 0.130216 0.194319 0.030669 0.072901 0.021745 0.035948 0.077552 0.357843 0.035068 0.043741
291 0.162375 0.079015 0.032024 0.034760 0.029450 0.037335 0.149340 0.136305 0.305439 0.033956
292 0.153032 0.044770 0.068376 0.146520 0.145299 0.136752 0.053724 0.043346 0.141433 0.066748
293 0.140520 0.137281 0.022993 0.049592 0.022628 0.049697 0.030727 0.452968 0.051578 0.042015
294 0.047912 0.052747 0.131209 0.039121 0.052088 0.109231 0.031209 0.032747 0.043297 0.460440
295 0.050200 0.087912 0.099151 0.115634 0.308442 0.091409 0.046953 0.072927 0.065435 0.061938
296 0.232005 0.101946 0.082947 0.174853 0.045412 0.127433 0.059932 0.040161 0.037071 0.098239
297 0.072774 0.087137 0.099266 0.090169 0.058889 0.062879 0.118736 0.034472 0.330673 0.045005
298 0.103846 0.257212 0.095353 0.054647 0.070032 0.036218 0.069551 0.079808 0.032051 0.201282
299 0.024555 0.031947 0.058507 0.038963 0.031822 0.032699 0.053871 0.035079 0.654598 0.037960
300 0.156492 0.071327 0.037342 0.057082 0.033883 0.366402 0.136956 0.036528 0.058201 0.045788
301 0.042979 0.039752 0.043366 0.177336 0.524264 0.044269 0.024910 0.034073 0.037042 0.032008
302 0.332276 0.166931 0.045400 0.054124 0.043220 0.042228 0.112609 0.060071 0.061459 0.081681
303 0.027823 0.036211 0.059738 0.074468 0.538052 0.083879 0.040507 0.038052 0.057488 0.043781
304 0.060456 0.253570 0.045716 0.432174 0.023491 0.036043 0.054929 0.020843 0.049401 0.023376
305 0.041181 0.039821 0.057304 0.311189 0.182401 0.047980 0.147436 0.044483 0.046620 0.081585
306 0.477745 0.067385 0.016672 0.205180 0.017370 0.071185 0.044200 0.029854 0.040478 0.029932
307 0.130121 0.461538 0.044061 0.060419 0.045830 0.044651 0.071913 0.065576 0.031388 0.044503
308 0.065396 0.038697 0.033404 0.030581 0.062926 0.064691 0.043872 0.117737 0.515291 0.027405
309 0.041639 0.053177 0.050334 0.033946 0.043645 0.322575 0.137124 0.147826 0.085284 0.084448
310 0.047120 0.039267 0.059807 0.028796 0.029601 0.599074 0.059404 0.028796 0.057592 0.050544
311 0.057748 0.309253 0.086511 0.053177 0.020513 0.030992 0.061538 0.239130 0.048495 0.092642
312 0.092822 0.218377 0.043021 0.239186 0.029928 0.069675 0.154431 0.076923 0.042904 0.032733
313 0.071708 0.043459 0.056063 0.090395 0.465015 0.086701 0.047805 0.043025 0.045198 0.050630
314 0.051394 0.084313 0.053745 0.026705 0.036110 0.033927 0.061135 0.523850 0.080954 0.047867
315 0.145081 0.177102 0.037209 0.083721 0.052415 0.037030 0.227370 0.133989 0.052415 0.053667
316 0.044872 0.063889 0.044658 0.035470 0.038889 0.112179 0.126496 0.142308 0.323932 0.067308
317 0.021343 0.025122 0.038906 0.037461 0.033904 0.042019 0.044798 0.038573 0.677412 0.040462
318 0.058237 0.267054 0.143142 0.137155 0.037917 0.114478 0.038643 0.060595 0.045174 0.097605
319 0.034037 0.042035 0.065521 0.050204 0.067223 0.377297 0.155718 0.035568 0.077263 0.095133
320 0.093729 0.064291 0.064065 0.047259 0.047823 0.412475 0.101399 0.054365 0.063614 0.050981
321 0.046081 0.038643 0.052250 0.075653 0.044630 0.081459 0.109942 0.052250 0.039731 0.459361
322 0.046632 0.047230 0.131527 0.068952 0.041650 0.400558 0.083499 0.047230 0.052411 0.080311
323 0.173993 0.267857 0.047619 0.051969 0.060211 0.077152 0.043269 0.147436 0.067308 0.063187
324 0.096856 0.387002 0.044217 0.236244 0.018810 0.037198 0.043375 0.059798 0.023723 0.052779
325 0.119208 0.176113 0.071300 0.110886 0.049708 0.038012 0.089294 0.170265 0.114260 0.060954
326 0.075149 0.114358 0.027072 0.058532 0.036875 0.034727 0.072069 0.494586 0.028846 0.057786
327 0.106263 0.204926 0.044390 0.103375 0.042870 0.028276 0.048647 0.331408 0.041350 0.048495
328 0.111745 0.075710 0.021233 0.066003 0.033002 0.032759 0.063698 0.522810 0.045135 0.027906
329 0.068386 0.074250 0.087271 0.125043 0.042515 0.190238 0.181356 0.106416 0.045274 0.079251
330 0.024098 0.028490 0.080959 0.045821 0.038699 0.254155 0.290005 0.047483 0.113604 0.076686
331 0.047770 0.241658 0.097120 0.052160 0.038637 0.085880 0.073411 0.226554 0.042150 0.094661
332 0.089816 0.150297 0.063958 0.260756 0.042083 0.020426 0.040562 0.266116 0.036361 0.029625
333 0.037122 0.043724 0.063624 0.034060 0.033295 0.030712 0.046116 0.118829 0.568312 0.024206
334 0.039092 0.146700 0.071038 0.046028 0.037201 0.203867 0.126944 0.247373 0.035309 0.046448
335 0.079795 0.500624 0.048826 0.055320 0.038087 0.026723 0.082418 0.059565 0.029970 0.078671
336 0.066434 0.059580 0.041678 0.040839 0.042937 0.029650 0.044056 0.559161 0.060839 0.054825
337 0.052793 0.069451 0.096766 0.033072 0.037849 0.116977 0.042136 0.425159 0.087825 0.037972
338 0.203125 0.274439 0.032318 0.072650 0.044738 0.068109 0.048210 0.116587 0.081330 0.058494
339 0.147677 0.306380 0.058020 0.116960 0.033473 0.085981 0.080992 0.040431 0.069047 0.061040
340 0.031069 0.024320 0.054532 0.071888 0.063638 0.049282 0.078744 0.046390 0.535033 0.045104
341 0.072013 0.018003 0.027823 0.092540 0.026664 0.050941 0.036075 0.043235 0.548009 0.084697
342 0.050445 0.034596 0.056823 0.075763 0.368380 0.084461 0.194627 0.046193 0.039041 0.049671
343 0.038991 0.071101 0.116090 0.063162 0.057869 0.049577 0.034404 0.041990 0.047636 0.479181
344 0.055811 0.056020 0.041179 0.050167 0.038253 0.044523 0.063127 0.534699 0.074833 0.041388
345 0.408019 0.079826 0.063316 0.051887 0.057148 0.096517 0.099601 0.046444 0.045174 0.052068
346 0.113220 0.071065 0.051961 0.028528 0.068900 0.040117 0.045211 0.075267 0.469689 0.036042
347 0.080888 0.074346 0.089611 0.062252 0.036677 0.080888 0.041634 0.035884 0.060468 0.437351
348 0.235962 0.098173 0.026442 0.047692 0.055000 0.027115 0.057981 0.350192 0.058365 0.043077
349 0.115042 0.106952 0.042232 0.064171 0.042438 0.026875 0.048951 0.447415 0.077951 0.027972
350 0.116923 0.040513 0.084274 0.036752 0.033333 0.040855 0.064786 0.459487 0.063932 0.059145
351 0.040421 0.060755 0.105096 0.046301 0.049241 0.100441 0.040176 0.038217 0.041156 0.478197
352 0.048471 0.067139 0.056230 0.045097 0.019906 0.367184 0.239541 0.046221 0.056905 0.053306
353 0.240611 0.198783 0.109687 0.072779 0.051541 0.039109 0.090391 0.079902 0.040016 0.077182
354 0.053413 0.137933 0.058702 0.038029 0.054423 0.040288 0.101587 0.439183 0.037163 0.039279
355 0.417120 0.101798 0.035535 0.144649 0.091242 0.017245 0.103888 0.027174 0.025502 0.035849
356 0.048077 0.067517 0.290970 0.042433 0.048913 0.269022 0.061455 0.033863 0.051839 0.085911
357 0.082858 0.072412 0.047721 0.222697 0.200617 0.070275 0.129392 0.079297 0.044397 0.050332
358 0.034914 0.074496 0.068521 0.064600 0.072816 0.055078 0.062733 0.065347 0.034354 0.467140
359 0.048022 0.171099 0.038901 0.029451 0.027143 0.062198 0.045385 0.389121 0.057143 0.131538
360 0.065134 0.060419 0.090480 0.037430 0.049661 0.057324 0.041851 0.100059 0.460507 0.037135
361 0.084107 0.059264 0.061209 0.056420 0.060611 0.145316 0.034122 0.109548 0.051482 0.337923
362 0.050015 0.032173 0.042849 0.036560 0.046212 0.041679 0.079702 0.066979 0.562006 0.041825
363 0.095142 0.261538 0.056275 0.246356 0.058907 0.105263 0.055466 0.036437 0.052024 0.032591
364 0.288081 0.038918 0.041958 0.265582 0.050319 0.056096 0.092125 0.072362 0.048495 0.046063
365 0.093652 0.029706 0.057223 0.071451 0.391964 0.064103 0.086304 0.069887 0.102408 0.033302
366 0.092083 0.149074 0.126334 0.045761 0.065974 0.058956 0.043234 0.054464 0.044638 0.319483
367 0.101028 0.052818 0.029777 0.242467 0.094647 0.070188 0.238391 0.042006 0.092520 0.036157
368 0.110928 0.087157 0.221525 0.103830 0.223341 0.065038 0.036151 0.046715 0.041598 0.063717
369 0.046258 0.079314 0.193139 0.078067 0.041580 0.270062 0.074428 0.063410 0.033264 0.120478
370 0.028945 0.045334 0.067803 0.032514 0.081549 0.106926 0.156490 0.165609 0.269495 0.045334
371 0.047791 0.069497 0.142422 0.056740 0.139566 0.053313 0.037700 0.115956 0.045126 0.291889
372 0.034188 0.049052 0.127090 0.036975 0.058714 0.061687 0.045336 0.037904 0.041806 0.507246
373 0.095585 0.107647 0.052344 0.075558 0.081020 0.067365 0.069640 0.081702 0.100137 0.269003
374 0.188195 0.209240 0.059748 0.042816 0.103290 0.130866 0.053217 0.059265 0.039913 0.113449
375 0.047700 0.029977 0.253771 0.112745 0.052979 0.166290 0.121983 0.063537 0.054676 0.096342
376 0.033948 0.034929 0.040228 0.031201 0.069270 0.032771 0.035518 0.046507 0.646586 0.029042
377 0.141519 0.424852 0.067554 0.053846 0.031262 0.038659 0.030966 0.117751 0.030572 0.063018
378 0.042807 0.070808 0.131477 0.024783 0.084487 0.035243 0.034760 0.039588 0.042324 0.493724
379 0.088593 0.085799 0.125247 0.169790 0.196252 0.071335 0.028600 0.045036 0.039776 0.149573
380 0.056951 0.049436 0.043998 0.091853 0.514732 0.047953 0.088096 0.029761 0.040538 0.036682
381 0.049331 0.070025 0.060201 0.197952 0.074415 0.110577 0.301421 0.038880 0.044523 0.052676
382 0.065876 0.029733 0.051146 0.176487 0.456628 0.040780 0.062193 0.033824 0.037507 0.045827
383 0.058384 0.021122 0.060229 0.047777 0.025364 0.021583 0.019277 0.032282 0.654123 0.059860
384 0.338931 0.166125 0.046226 0.073673 0.050921 0.057421 0.079812 0.096605 0.057783 0.032503
385 0.041538 0.050085 0.156068 0.036410 0.038291 0.045812 0.042051 0.057265 0.053504 0.478974
386 0.047611 0.190444 0.067265 0.056083 0.049136 0.067265 0.032362 0.367672 0.044731 0.077431
387 0.095835 0.270718 0.056311 0.063961 0.051636 0.059499 0.056524 0.085848 0.073098 0.186570
388 0.071429 0.173993 0.091313 0.116170 0.041863 0.042648 0.109367 0.220304 0.058085 0.074830
389 0.035897 0.049417 0.065035 0.045921 0.045921 0.078555 0.073427 0.044988 0.058974 0.501865
390 0.037904 0.048216 0.033863 0.051003 0.037068 0.101728 0.470039 0.028428 0.155518 0.036232
391 0.189432 0.297448 0.055895 0.069375 0.040259 0.164989 0.040439 0.062365 0.041876 0.037922
392 0.052684 0.077047 0.046376 0.036854 0.036235 0.036606 0.065669 0.564309 0.056394 0.027826
393 0.095357 0.095585 0.067820 0.050751 0.048248 0.052117 0.050068 0.050068 0.050068 0.439918
394 0.185941 0.349532 0.046907 0.061525 0.023714 0.036512 0.059641 0.117139 0.040606 0.078482
395 0.052477 0.053129 0.044329 0.108703 0.032757 0.079205 0.467243 0.058507 0.041069 0.062581
396 0.026219 0.047933 0.053015 0.091476 0.039501 0.280319 0.244283 0.062717 0.061908 0.092631
397 0.280627 0.095798 0.027184 0.064934 0.063984 0.061728 0.190171 0.075855 0.104107 0.035613
398 0.047894 0.454487 0.052747 0.041941 0.069414 0.040568 0.098535 0.113919 0.053938 0.026557
399 0.033352 0.040023 0.038178 0.050667 0.055067 0.583310 0.068266 0.045984 0.052086 0.033068
400 0.178052 0.225126 0.048411 0.244431 0.036234 0.032670 0.061331 0.073508 0.029700 0.070538
401 0.040688 0.055528 0.032649 0.044645 0.103018 0.089290 0.030670 0.085704 0.343804 0.174004
402 0.318484 0.086836 0.028234 0.073786 0.090287 0.217091 0.061488 0.037018 0.057159 0.029615
403 0.099966 0.082684 0.051677 0.077431 0.095900 0.111826 0.284480 0.104541 0.037953 0.053541
404 0.031600 0.027627 0.062297 0.055255 0.029794 0.046407 0.047490 0.074215 0.597689 0.027627
405 0.052428 0.022669 0.026966 0.045767 0.053180 0.144070 0.058015 0.048668 0.523206 0.025032
406 0.039573 0.047132 0.087817 0.041129 0.037128 0.033793 0.040462 0.060916 0.042908 0.569142
407 0.061318 0.058638 0.066204 0.066047 0.049653 0.091583 0.086538 0.029319 0.048392 0.442308
408 0.084163 0.066214 0.046757 0.276772 0.123529 0.072549 0.212217 0.032278 0.033937 0.051584
409 0.358628 0.070894 0.053846 0.067672 0.050208 0.043035 0.157692 0.063202 0.046466 0.088358
410 0.170779 0.072327 0.040155 0.297775 0.093614 0.048379 0.139332 0.061925 0.041606 0.034107
411 0.093157 0.145979 0.033966 0.073551 0.024725 0.034216 0.034840 0.468157 0.038337 0.053072
412 0.046179 0.040453 0.093602 0.026761 0.035848 0.383122 0.126587 0.037466 0.063231 0.146751
413 0.155983 0.355556 0.036325 0.119658 0.055769 0.042521 0.069444 0.076923 0.045726 0.042094
414 0.043879 0.054171 0.065367 0.388949 0.197183 0.063200 0.045143 0.035031 0.046587 0.060491
415 0.072184 0.039233 0.047278 0.030417 0.027992 0.033613 0.080339 0.061494 0.571523 0.035927
416 0.226087 0.109922 0.042140 0.053623 0.050836 0.059197 0.052508 0.265663 0.057302 0.082720
417 0.046870 0.045189 0.128619 0.097251 0.079117 0.361144 0.053744 0.035244 0.030345 0.122477
418 0.072317 0.422271 0.065638 0.056426 0.042953 0.036504 0.035928 0.114694 0.049516 0.103754
419 0.046016 0.064904 0.028331 0.029533 0.029190 0.065076 0.046016 0.556834 0.050996 0.083104
420 0.151369 0.099218 0.051369 0.233768 0.150065 0.058931 0.032855 0.079661 0.079661 0.063103
421 0.140555 0.075394 0.058222 0.057163 0.061750 0.025523 0.082569 0.401670 0.056810 0.040343
422 0.130517 0.066047 0.043348 0.122793 0.027743 0.049811 0.091740 0.326450 0.097100 0.044451
423 0.036892 0.048273 0.094976 0.029631 0.068093 0.058085 0.036892 0.028257 0.040424 0.558477
424 0.093995 0.081044 0.076531 0.109105 0.038265 0.079670 0.044152 0.037088 0.054356 0.385793
425 0.049298 0.028158 0.040771 0.043880 0.695772 0.026381 0.016166 0.043347 0.037040 0.019186
426 0.038805 0.036058 0.031593 0.066277 0.055975 0.220124 0.413805 0.039835 0.063187 0.034341
427 0.087628 0.096154 0.039314 0.102217 0.037988 0.157825 0.141152 0.278988 0.026620 0.032114
428 0.029705 0.027301 0.080357 0.026442 0.041380 0.070055 0.029705 0.025069 0.054945 0.615041
429 0.043509 0.042638 0.026453 0.020623 0.076923 0.044814 0.030282 0.616081 0.067003 0.031674
430 0.099742 0.107656 0.040118 0.128450 0.052632 0.315237 0.093117 0.055760 0.062201 0.045086
431 0.131449 0.023866 0.042500 0.063429 0.092895 0.083716 0.222141 0.142556 0.130714 0.066734
432 0.162578 0.068815 0.044075 0.118919 0.090229 0.101247 0.044906 0.279418 0.046778 0.043035
433 0.043575 0.033793 0.096043 0.030680 0.040685 0.052912 0.035127 0.045353 0.042463 0.579369
434 0.032825 0.052221 0.091678 0.040948 0.037798 0.462202 0.072613 0.076260 0.075763 0.057692
435 0.276316 0.147520 0.051240 0.063259 0.032136 0.032262 0.060476 0.067561 0.056807 0.212424
436 0.359637 0.054266 0.031720 0.085433 0.068634 0.062224 0.112732 0.118148 0.032051 0.075155
437 0.074104 0.042288 0.049940 0.210230 0.050342 0.128876 0.312928 0.035441 0.047322 0.048530
438 0.043974 0.038951 0.061612 0.267026 0.358648 0.042504 0.043606 0.033929 0.067981 0.041769
439 0.104043 0.077087 0.152531 0.047173 0.079224 0.184583 0.104865 0.115220 0.045036 0.090237
440 0.073742 0.044101 0.021978 0.052342 0.038895 0.031377 0.080249 0.037016 0.581695 0.038606
441 0.035730 0.036449 0.038893 0.050971 0.057513 0.041193 0.103666 0.115888 0.483896 0.035802
442 0.029214 0.054014 0.173602 0.033838 0.064733 0.079025 0.036150 0.033207 0.053594 0.442623
443 0.272321 0.201408 0.038633 0.108345 0.052370 0.038462 0.055975 0.142342 0.042239 0.047905
444 0.077626 0.124121 0.053625 0.116690 0.085359 0.047499 0.041775 0.342940 0.058948 0.051416
445 0.053452 0.058601 0.111902 0.063446 0.081769 0.322380 0.108571 0.073289 0.062538 0.064052
446 0.219400 0.118529 0.034107 0.365264 0.031567 0.038099 0.092888 0.038945 0.025762 0.035438
447 0.055211 0.173904 0.069892 0.053557 0.071340 0.056658 0.054177 0.293218 0.062448 0.109595
448 0.281999 0.184584 0.033733 0.196721 0.062579 0.057219 0.063682 0.041929 0.037043 0.040511
449 0.039680 0.120432 0.073964 0.058998 0.034459 0.048207 0.075531 0.038462 0.063000 0.447268
450 0.173885 0.114738 0.030543 0.353264 0.095023 0.041855 0.085811 0.027473 0.036199 0.041209
451 0.069256 0.078306 0.044243 0.038084 0.039718 0.055304 0.036199 0.553670 0.056435 0.028783
452 0.120482 0.065647 0.037689 0.058542 0.075533 0.041396 0.137473 0.355267 0.052209 0.055762
453 0.033763 0.030108 0.083884 0.040898 0.550818 0.060216 0.079708 0.042812 0.046641 0.031152
454 0.086131 0.110973 0.052369 0.083637 0.025225 0.366871 0.146940 0.034913 0.052081 0.040859
455 0.048395 0.184666 0.112073 0.077942 0.096281 0.044829 0.053744 0.041263 0.052216 0.288589
456 0.162802 0.193439 0.045060 0.065328 0.080788 0.068627 0.064103 0.157334 0.074095 0.088424
457 0.144826 0.187032 0.123553 0.055480 0.115555 0.056671 0.043907 0.128489 0.067052 0.077434
458 0.062339 0.054475 0.075207 0.040177 0.042465 0.471404 0.081212 0.078639 0.056334 0.037747
459 0.174129 0.137620 0.076923 0.061599 0.200421 0.081430 0.064303 0.085036 0.084886 0.033654
460 0.142543 0.082061 0.043453 0.270992 0.118174 0.050206 0.125954 0.055784 0.054610 0.056224
461 0.187491 0.226661 0.029253 0.054469 0.020541 0.042782 0.063111 0.310667 0.031591 0.033432
462 0.034636 0.047523 0.119009 0.186065 0.039267 0.197141 0.168546 0.043093 0.039267 0.125453
463 0.050533 0.236095 0.143432 0.029231 0.036095 0.090769 0.028166 0.125680 0.057396 0.202604
464 0.086538 0.528567 0.048913 0.143255 0.022297 0.044593 0.041109 0.021878 0.027035 0.035814
465 0.070936 0.494376 0.039006 0.074202 0.026669 0.055152 0.053520 0.092888 0.038462 0.054790
466 0.083586 0.052847 0.072078 0.054361 0.402029 0.084646 0.140975 0.037553 0.045124 0.026802
467 0.150089 0.202862 0.065116 0.096601 0.036852 0.144723 0.120930 0.068515 0.050984 0.063327
468 0.030769 0.058349 0.093058 0.048030 0.117636 0.424390 0.115009 0.032833 0.044090 0.035835
469 0.206402 0.372074 0.037625 0.043837 0.024725 0.031175 0.060917 0.121954 0.061873 0.039417
470 0.051491 0.048980 0.029827 0.053846 0.029356 0.034380 0.055416 0.580377 0.073940 0.042386
471 0.061341 0.079487 0.090335 0.282446 0.039842 0.071203 0.222091 0.047337 0.058185 0.047732
472 0.186945 0.066197 0.121820 0.087803 0.115691 0.050260 0.201961 0.062519 0.057462 0.049341
473 0.052668 0.105683 0.097367 0.029453 0.037769 0.064103 0.036383 0.031532 0.037076 0.507970
474 0.472527 0.061355 0.028571 0.108425 0.045238 0.036447 0.061905 0.104029 0.031868 0.049634
475 0.046444 0.079826 0.067054 0.076778 0.030624 0.086647 0.078084 0.045283 0.037300 0.451959
476 0.055004 0.030308 0.028300 0.046674 0.034562 0.036630 0.026350 0.030545 0.686577 0.025050
477 0.084936 0.072344 0.046703 0.055174 0.099130 0.043498 0.148352 0.313874 0.095467 0.040522
478 0.144720 0.121415 0.038950 0.130215 0.256682 0.063070 0.094687 0.062419 0.050522 0.037321
479 0.064826 0.221464 0.061414 0.065602 0.035205 0.065447 0.059708 0.286445 0.069479 0.070409
480 0.039136 0.038630 0.046896 0.048414 0.066127 0.042004 0.045547 0.097166 0.511640 0.064440
481 0.066822 0.233683 0.082556 0.035548 0.036325 0.049145 0.076729 0.317793 0.057110 0.044289
482 0.169830 0.400433 0.033300 0.046620 0.026973 0.031635 0.071429 0.096570 0.049617 0.073593
483 0.070136 0.051471 0.033560 0.385558 0.230392 0.043929 0.031863 0.029035 0.075038 0.049020
484 0.149656 0.110228 0.088848 0.107327 0.092609 0.053932 0.058229 0.123120 0.037065 0.178986
485 0.495102 0.083982 0.026073 0.107462 0.069721 0.027226 0.036589 0.069576 0.028522 0.055748
486 0.054025 0.059213 0.060823 0.050805 0.046691 0.069410 0.178175 0.067800 0.356172 0.056887
487 0.094134 0.077977 0.037759 0.090446 0.033368 0.034598 0.076396 0.062346 0.449596 0.043379
488 0.039716 0.117684 0.071279 0.042851 0.046405 0.124582 0.087793 0.053094 0.066890 0.349707
489 0.046594 0.042697 0.033379 0.035412 0.029651 0.590817 0.070654 0.026601 0.066418 0.057777
490 0.137574 0.505917 0.043064 0.079717 0.033695 0.046187 0.050131 0.030736 0.045529 0.027449
491 0.103513 0.564560 0.039050 0.064953 0.022370 0.040130 0.021389 0.067602 0.031201 0.045232
492 0.065956 0.056340 0.067157 0.059495 0.072416 0.091196 0.086689 0.043269 0.032151 0.425331
493 0.088787 0.109070 0.230961 0.053578 0.170494 0.070800 0.086491 0.067738 0.083046 0.039036
494 0.081709 0.330598 0.043932 0.042393 0.044957 0.035556 0.080855 0.193333 0.089573 0.057094
495 0.060281 0.168084 0.082286 0.105954 0.049371 0.053070 0.046598 0.281435 0.075629 0.077293
496 0.027426 0.032847 0.181273 0.029750 0.016198 0.018779 0.057176 0.023296 0.071051 0.542204
497 0.106658 0.052683 0.300905 0.065611 0.203458 0.058985 0.055753 0.038623 0.072398 0.044926
498 0.089382 0.030336 0.033767 0.092813 0.039545 0.123871 0.476345 0.034850 0.047671 0.031419
499 0.106187 0.034950 0.037793 0.060201 0.047993 0.034783 0.089130 0.478763 0.053846 0.056355
500 0.090264 0.166903 0.038178 0.160375 0.037894 0.054357 0.301448 0.051519 0.033920 0.065143
501 0.070470 0.069179 0.041559 0.069050 0.037816 0.035493 0.051110 0.479866 0.094992 0.050465
502 0.030258 0.044782 0.033082 0.062803 0.608257 0.041017 0.032006 0.031469 0.047875 0.068451
503 0.049530 0.061981 0.091219 0.125992 0.026102 0.307692 0.175244 0.054510 0.029976 0.077753
504 0.038061 0.027845 0.045272 0.065304 0.656450 0.031450 0.032252 0.027845 0.036859 0.038662
505 0.039056 0.211538 0.171689 0.053925 0.062450 0.228588 0.034100 0.034695 0.049167 0.114790
506 0.069131 0.036141 0.075099 0.126989 0.433355 0.069297 0.026359 0.045093 0.056863 0.061671
507 0.053716 0.250847 0.036115 0.042373 0.031291 0.049804 0.047197 0.366102 0.060626 0.061930
508 0.080313 0.023338 0.041851 0.085789 0.600652 0.064668 0.023859 0.018774 0.038070 0.022686
509 0.143995 0.061538 0.060459 0.057760 0.046019 0.046559 0.053576 0.415789 0.060594 0.053711
510 0.123226 0.067961 0.069268 0.041075 0.053398 0.058252 0.063854 0.416169 0.053585 0.053211
511 0.267954 0.204756 0.041334 0.052825 0.052186 0.056495 0.077402 0.150335 0.048037 0.048675
512 0.123504 0.217949 0.041880 0.155556 0.056838 0.041880 0.218803 0.047863 0.039530 0.056197
513 0.306586 0.045932 0.048284 0.063641 0.049945 0.066132 0.056586 0.261621 0.065163 0.036110
514 0.062842 0.157209 0.063052 0.051072 0.056536 0.047289 0.058428 0.046448 0.047499 0.409626
515 0.027139 0.064702 0.152588 0.051402 0.078541 0.369159 0.080158 0.087347 0.050863 0.038102
516 0.165179 0.108516 0.067479 0.091861 0.042754 0.317651 0.047047 0.049794 0.063874 0.045845
517 0.087793 0.045987 0.085284 0.056856 0.045151 0.094064 0.138378 0.076296 0.323370 0.046823
518 0.082418 0.058681 0.081538 0.045495 0.408132 0.053626 0.080440 0.048791 0.088791 0.052088
519 0.141629 0.051810 0.059276 0.129186 0.079186 0.047285 0.044344 0.112896 0.128507 0.205882
520 0.045198 0.062581 0.132986 0.047588 0.035419 0.045850 0.037592 0.035419 0.060409 0.496958
521 0.056174 0.168649 0.033780 0.363613 0.069838 0.058198 0.128543 0.040106 0.044534 0.036564
522 0.069484 0.040994 0.040994 0.045109 0.034030 0.273346 0.067901 0.093542 0.275720 0.058879
523 0.059234 0.133236 0.065239 0.065239 0.039111 0.024018 0.083901 0.431840 0.070594 0.027588
524 0.026190 0.030979 0.038162 0.032326 0.038462 0.301107 0.052828 0.030979 0.414846 0.034122
525 0.091309 0.047453 0.026474 0.058541 0.337962 0.026973 0.227772 0.086314 0.041758 0.055445
526 0.102678 0.198533 0.085025 0.083575 0.057564 0.049292 0.138922 0.166894 0.052106 0.065410
527 0.045566 0.102646 0.060020 0.056345 0.048506 0.132288 0.073248 0.059040 0.337580 0.084762
528 0.031023 0.044630 0.050254 0.039550 0.042090 0.413280 0.041546 0.038462 0.031205 0.267961
529 0.056727 0.139293 0.060143 0.042026 0.048708 0.031482 0.053015 0.413573 0.095931 0.059103
530 0.337517 0.229825 0.039001 0.075978 0.032119 0.035628 0.121997 0.060999 0.036032 0.030904
531 0.120207 0.246202 0.052689 0.340849 0.027369 0.114299 0.027610 0.021582 0.026163 0.023029
532 0.121817 0.057357 0.069954 0.258510 0.247521 0.049987 0.074779 0.029483 0.025060 0.065532
533 0.110935 0.195963 0.059917 0.162270 0.038938 0.056262 0.115226 0.102034 0.108074 0.050381
534 0.034552 0.043639 0.073542 0.171492 0.483411 0.040892 0.043005 0.024831 0.053994 0.030642
535 0.072521 0.047266 0.066265 0.037071 0.046571 0.148054 0.368860 0.035913 0.051900 0.125579
536 0.084848 0.096503 0.056177 0.063869 0.053613 0.366900 0.048019 0.077622 0.062937 0.089510
537 0.076655 0.110024 0.115519 0.238810 0.118199 0.041946 0.126240 0.046904 0.069954 0.055749
538 0.083710 0.040930 0.061086 0.072193 0.502057 0.043603 0.038667 0.041135 0.075895 0.040724
539 0.133277 0.049451 0.052127 0.392364 0.105664 0.069315 0.097774 0.032122 0.035926 0.031981
540 0.118665 0.077376 0.048869 0.026697 0.031787 0.046833 0.052828 0.501018 0.057240 0.038688
541 0.026747 0.024783 0.036904 0.038326 0.714856 0.035008 0.020856 0.028169 0.035211 0.039139
542 0.053695 0.060285 0.049697 0.166162 0.465644 0.035869 0.060933 0.039758 0.047645 0.020311
543 0.170854 0.176846 0.036915 0.070352 0.104175 0.045419 0.085620 0.123889 0.118670 0.067259
544 0.029875 0.039520 0.267702 0.027523 0.044343 0.043284 0.039402 0.031169 0.032110 0.445072
545 0.166443 0.074740 0.084985 0.165939 0.227578 0.096406 0.056097 0.037454 0.052234 0.038126
546 0.106165 0.054883 0.036157 0.475944 0.087295 0.044224 0.063670 0.038894 0.048545 0.044224
547 0.151343 0.068123 0.024807 0.126005 0.198832 0.052572 0.235169 0.064330 0.042861 0.035958
548 0.181285 0.341112 0.053823 0.089470 0.035061 0.024273 0.049484 0.136374 0.047960 0.041159
549 0.018071 0.027907 0.140253 0.060531 0.365425 0.098353 0.085799 0.058932 0.031265 0.113466
550 0.052503 0.100733 0.047416 0.041514 0.035816 0.127595 0.438339 0.051282 0.047009 0.057794
551 0.079040 0.081687 0.056457 0.115561 0.044107 0.055575 0.105152 0.035109 0.056104 0.371207
552 0.047323 0.059201 0.073529 0.103318 0.042609 0.144985 0.058069 0.038084 0.043175 0.389706
553 0.062575 0.166868 0.054859 0.071859 0.021461 0.161683 0.138052 0.207017 0.029660 0.085966
554 0.053682 0.055533 0.073427 0.146030 0.056972 0.038462 0.439942 0.031880 0.065817 0.038256
555 0.044430 0.049956 0.400531 0.077144 0.048408 0.125995 0.063660 0.051282 0.053714 0.084881
556 0.074687 0.064848 0.061568 0.060972 0.044425 0.056202 0.151461 0.381336 0.067680 0.036822
557 0.023276 0.054641 0.100624 0.038178 0.084729 0.092819 0.080471 0.094096 0.047687 0.383480
558 0.042460 0.088728 0.036938 0.028751 0.037129 0.280465 0.073305 0.299886 0.071973 0.040366
559 0.084699 0.150483 0.178016 0.062421 0.049601 0.131988 0.071669 0.087011 0.088272 0.095839
560 0.040711 0.096716 0.071075 0.057580 0.035200 0.045322 0.045209 0.513158 0.050720 0.044309
561 0.106107 0.300734 0.063201 0.115771 0.046579 0.095091 0.062234 0.116351 0.059142 0.034789
562 0.071443 0.028597 0.028398 0.169789 0.505779 0.037664 0.043444 0.039059 0.051813 0.024014
563 0.055820 0.051055 0.289993 0.033186 0.087985 0.058543 0.054289 0.044248 0.041184 0.283696
564 0.038462 0.054824 0.055886 0.048661 0.051849 0.271781 0.050574 0.045049 0.043561 0.339354
565 0.067416 0.124460 0.060069 0.070225 0.049697 0.054883 0.087295 0.133319 0.268366 0.084270
566 0.030454 0.041009 0.027542 0.036156 0.740476 0.029726 0.020869 0.022446 0.031303 0.020019
567 0.096855 0.225233 0.064152 0.074192 0.055293 0.031596 0.053448 0.296545 0.036468 0.066219
568 0.054892 0.309186 0.059186 0.078043 0.063107 0.056572 0.052465 0.235250 0.054705 0.036594
569 0.065444 0.021302 0.033609 0.088876 0.568639 0.076450 0.033254 0.024379 0.066627 0.021420
570 0.050076 0.040366 0.029322 0.035034 0.060548 0.030084 0.147944 0.186215 0.383092 0.037319
571 0.062308 0.014545 0.015175 0.054545 0.017343 0.026364 0.036294 0.049441 0.708322 0.015664
572 0.117744 0.045540 0.040821 0.278433 0.059698 0.078811 0.151251 0.092261 0.057574 0.077867
573 0.056185 0.033759 0.088980 0.055823 0.599108 0.040632 0.023632 0.020738 0.058355 0.022788
574 0.125496 0.070182 0.034100 0.064235 0.040444 0.075734 0.061063 0.063442 0.405036 0.060270
575 0.044643 0.032280 0.065076 0.041380 0.052713 0.060268 0.049622 0.123283 0.496738 0.033997
576 0.026154 0.014904 0.023558 0.042692 0.034808 0.030385 0.022115 0.047981 0.732404 0.025000
577 0.223231 0.050769 0.036615 0.388769 0.076308 0.034308 0.065692 0.043846 0.052923 0.027538
578 0.029304 0.119353 0.031746 0.071225 0.039377 0.066036 0.196886 0.272792 0.146724 0.026557
579 0.084200 0.058836 0.237838 0.126819 0.194387 0.090852 0.044906 0.044075 0.080249 0.037838
580 0.145467 0.037088 0.062775 0.035302 0.072115 0.032692 0.032967 0.090247 0.457005 0.034341
581 0.060765 0.091944 0.070096 0.066909 0.046882 0.204370 0.268320 0.076468 0.036413 0.077833
582 0.128818 0.366233 0.061086 0.075933 0.032381 0.062924 0.088518 0.063631 0.038179 0.082296
583 0.039723 0.063682 0.055013 0.042875 0.043348 0.049023 0.030580 0.530265 0.084332 0.061160
584 0.076716 0.051902 0.062035 0.154673 0.070306 0.114351 0.145782 0.081472 0.195616 0.047146
585 0.187954 0.071118 0.077407 0.141993 0.111514 0.093614 0.074746 0.093372 0.040155 0.108128
586 0.409078 0.105769 0.044966 0.107466 0.036906 0.050622 0.084276 0.075792 0.043976 0.041148
587 0.047545 0.041940 0.077503 0.086200 0.048512 0.053150 0.042520 0.041940 0.043680 0.517008
588 0.070750 0.051282 0.057455 0.047127 0.033832 0.104582 0.181624 0.052944 0.340812 0.059592
589 0.049719 0.050774 0.039634 0.118316 0.286585 0.036585 0.267120 0.050657 0.072584 0.028025
590 0.137762 0.226340 0.050583 0.048252 0.034382 0.033683 0.061305 0.056177 0.027156 0.324359
591 0.272411 0.089945 0.040733 0.068292 0.068595 0.070563 0.099182 0.091914 0.078589 0.119776
592 0.112752 0.085966 0.031021 0.111722 0.045788 0.027816 0.097642 0.395948 0.030563 0.060783
593 0.062114 0.085767 0.048334 0.032497 0.031674 0.044426 0.041547 0.533731 0.067051 0.052859
594 0.061134 0.047773 0.100810 0.032389 0.060526 0.251215 0.127935 0.095142 0.172267 0.050810
595 0.133808 0.203066 0.068854 0.044379 0.056482 0.043975 0.073427 0.090775 0.040748 0.244486
596 0.037964 0.025365 0.038462 0.037798 0.675398 0.047911 0.033985 0.033985 0.028515 0.040617
597 0.160654 0.189244 0.040504 0.074030 0.034377 0.046290 0.038632 0.324711 0.059224 0.032335
598 0.059829 0.151576 0.059963 0.045139 0.030315 0.071448 0.205662 0.237447 0.050748 0.087874
599 0.132422 0.097503 0.045547 0.056849 0.060054 0.039474 0.065452 0.432692 0.037618 0.032389
600 0.074537 0.132931 0.044778 0.048849 0.030039 0.035794 0.086609 0.362577 0.114121 0.069764
601 0.084866 0.054557 0.041388 0.362249 0.067726 0.049331 0.195861 0.052885 0.048495 0.042642
602 0.041377 0.219800 0.068731 0.040405 0.044988 0.053319 0.041100 0.371008 0.065815 0.053457
603 0.157791 0.108059 0.026064 0.231474 0.103973 0.085376 0.092280 0.027050 0.055790 0.112144
604 0.095643 0.088155 0.054969 0.380361 0.053438 0.067393 0.141763 0.030293 0.046290 0.041695
605 0.086247 0.122844 0.034732 0.064336 0.035431 0.055478 0.041259 0.472960 0.047552 0.039161
606 0.225098 0.069499 0.022170 0.230872 0.169519 0.023716 0.168901 0.031553 0.036502 0.022170
607 0.132986 0.035202 0.073229 0.121252 0.044111 0.190352 0.185789 0.125598 0.047153 0.044329
608 0.081580 0.042601 0.033632 0.240945 0.262332 0.079855 0.153846 0.037254 0.036564 0.031390
609 0.030291 0.033081 0.156238 0.032882 0.077122 0.195297 0.040056 0.028298 0.042846 0.363890
610 0.059801 0.022953 0.120968 0.047395 0.042060 0.079280 0.021712 0.026055 0.062283 0.517494
611 0.043486 0.031358 0.042793 0.056653 0.032398 0.041927 0.079868 0.067914 0.568087 0.035516
612 0.039407 0.059899 0.424338 0.040353 0.050914 0.036728 0.068726 0.063525 0.046185 0.169924
613 0.135957 0.103936 0.081753 0.097138 0.038819 0.063506 0.112701 0.200179 0.082648 0.083363
614 0.265734 0.031294 0.037937 0.068357 0.081818 0.170804 0.106818 0.147552 0.063636 0.026049
615 0.123750 0.398269 0.032404 0.069423 0.043942 0.033846 0.052596 0.130577 0.043942 0.071250
616 0.058315 0.064213 0.047433 0.080495 0.493604 0.060309 0.078751 0.052916 0.031401 0.032564
617 0.377385 0.191203 0.036654 0.114782 0.031934 0.087568 0.040169 0.032737 0.051818 0.035750
618 0.044274 0.036752 0.333504 0.038462 0.063932 0.248547 0.028205 0.035556 0.049231 0.121538
619 0.176923 0.165385 0.136014 0.096503 0.057168 0.161189 0.039336 0.042657 0.067832 0.056993
620 0.024790 0.014495 0.021907 0.022237 0.805633 0.034014 0.013095 0.016307 0.020672 0.026849
621 0.048128 0.052859 0.102016 0.035582 0.044426 0.080008 0.029823 0.039901 0.045455 0.521802
622 0.056037 0.036424 0.197784 0.052471 0.053490 0.068390 0.075777 0.032603 0.034896 0.392129
623 0.116829 0.040628 0.049115 0.141206 0.071325 0.200975 0.095522 0.031058 0.052907 0.200433
624 0.029543 0.215050 0.064326 0.198551 0.026756 0.092419 0.172575 0.030881 0.030435 0.139465
625 0.127179 0.177949 0.032650 0.050256 0.033504 0.087863 0.038291 0.315385 0.086667 0.050256
626 0.036797 0.045788 0.302864 0.044955 0.053613 0.299367 0.038795 0.033300 0.054279 0.090243
627 0.021676 0.019564 0.074811 0.055247 0.601045 0.036572 0.065474 0.036572 0.042686 0.046354
628 0.095909 0.041156 0.104973 0.054998 0.384860 0.036869 0.124571 0.046668 0.061489 0.048506
629 0.270850 0.036943 0.061538 0.058300 0.120344 0.264271 0.082692 0.021356 0.048077 0.035628
630 0.021412 0.017116 0.194158 0.027491 0.020883 0.490748 0.028020 0.014803 0.027756 0.157613
631 0.146538 0.248205 0.023590 0.047564 0.024744 0.046154 0.317821 0.059103 0.041026 0.045256
632 0.049007 0.500372 0.049876 0.113027 0.022581 0.032258 0.110918 0.043176 0.029653 0.049132
633 0.090778 0.071935 0.051319 0.029816 0.038018 0.055198 0.067280 0.493128 0.063068 0.039459
634 0.140119 0.098809 0.027325 0.036519 0.026936 0.043901 0.067211 0.386299 0.144134 0.028749
635 0.163012 0.156542 0.040618 0.073508 0.039001 0.119518 0.082495 0.212257 0.067937 0.045111
636 0.128134 0.179983 0.062473 0.075436 0.046961 0.122184 0.081598 0.053549 0.123884 0.125797
637 0.240184 0.260417 0.048277 0.091546 0.039663 0.069912 0.075721 0.070713 0.068510 0.035056
638 0.185185 0.218078 0.043901 0.069801 0.029526 0.141803 0.068376 0.105802 0.077700 0.059829
639 0.113400 0.100733 0.041819 0.119658 0.038462 0.295940 0.103632 0.061203 0.058913 0.066239
640 0.296937 0.113105 0.029487 0.046439 0.029345 0.023860 0.133476 0.267877 0.028134 0.031339
641 0.525585 0.037106 0.034565 0.108438 0.047780 0.054049 0.065402 0.052355 0.033548 0.041172
642 0.032663 0.056436 0.161577 0.041940 0.049478 0.094704 0.030344 0.070932 0.047352 0.414573
643 0.047455 0.327593 0.075392 0.081324 0.028511 0.200344 0.044393 0.063720 0.046498 0.084768
644 0.063029 0.065910 0.051000 0.437309 0.123856 0.050322 0.074043 0.027957 0.065063 0.041511
645 0.042158 0.101294 0.095057 0.046431 0.051629 0.039963 0.078078 0.412451 0.054632 0.078309
646 0.030987 0.033012 0.063064 0.123793 0.492837 0.092027 0.071473 0.028184 0.026316 0.038306
647 0.084643 0.059415 0.040392 0.430383 0.069203 0.046595 0.147918 0.046457 0.032120 0.042873
648 0.211208 0.203807 0.075469 0.167988 0.032250 0.103886 0.077716 0.038726 0.040841 0.048110
649 0.046602 0.159341 0.116402 0.057184 0.072650 0.305657 0.034392 0.052707 0.057794 0.097273
650 0.080724 0.034965 0.065978 0.074339 0.476133 0.047431 0.067194 0.045911 0.084068 0.023259
651 0.048455 0.054815 0.085554 0.205330 0.415354 0.038462 0.033919 0.024228 0.058752 0.035130
652 0.179101 0.085496 0.059778 0.121409 0.061399 0.035218 0.093142 0.177711 0.070667 0.116080
653 0.182242 0.157302 0.031100 0.086388 0.039964 0.100811 0.098257 0.143329 0.110877 0.049730
654 0.099168 0.066160 0.072044 0.054248 0.179248 0.100603 0.116102 0.147532 0.118111 0.046785
655 0.173805 0.361230 0.054737 0.063988 0.027668 0.041460 0.057821 0.107846 0.043858 0.067586
656 0.247941 0.047223 0.028649 0.447696 0.079289 0.018048 0.050464 0.021290 0.032329 0.027072
657 0.087027 0.158246 0.056226 0.058018 0.034550 0.036832 0.119459 0.082464 0.049218 0.317960
658 0.044283 0.087421 0.091143 0.025291 0.035885 0.034167 0.027582 0.032163 0.053541 0.568525
659 0.030808 0.035322 0.049647 0.116366 0.068878 0.033556 0.092622 0.072017 0.467818 0.032967
660 0.248019 0.296959 0.044595 0.067723 0.029261 0.032711 0.065040 0.125479 0.041784 0.048428
661 0.075926 0.036752 0.026923 0.522934 0.074929 0.043162 0.047721 0.027066 0.116809 0.027778
662 0.074511 0.125436 0.048378 0.038060 0.038596 0.112436 0.067140 0.358215 0.083088 0.054141
663 0.049190 0.263968 0.065385 0.048178 0.164170 0.093320 0.068016 0.120648 0.052632 0.074494
664 0.080317 0.114819 0.056561 0.071078 0.091817 0.053356 0.058635 0.341252 0.083522 0.048643
665 0.053466 0.110143 0.042917 0.030271 0.021295 0.051894 0.060280 0.557266 0.039641 0.032827
666 0.215077 0.323795 0.041744 0.057744 0.057949 0.040205 0.041436 0.125026 0.052923 0.044103
667 0.094238 0.061169 0.032501 0.174425 0.053080 0.055067 0.355237 0.052654 0.080471 0.041158
668 0.084915 0.288462 0.045205 0.059690 0.042707 0.264985 0.087662 0.038212 0.037712 0.050450
669 0.082679 0.133765 0.020931 0.041797 0.033294 0.041470 0.037742 0.472789 0.089417 0.046115
670 0.101743 0.035809 0.061387 0.256442 0.284862 0.084502 0.034956 0.056366 0.049545 0.034388
671 0.039638 0.104093 0.045166 0.058222 0.048459 0.345801 0.096213 0.151494 0.048577 0.062338
672 0.132999 0.498546 0.029897 0.045572 0.026180 0.040078 0.063348 0.082902 0.045410 0.035068
673 0.057849 0.128205 0.036742 0.042370 0.034240 0.058474 0.086460 0.453877 0.040650 0.061132
674 0.159989 0.067174 0.035657 0.228632 0.175614 0.049813 0.120459 0.075721 0.055021 0.031918
675 0.157531 0.169737 0.076923 0.105712 0.054583 0.220636 0.071626 0.044450 0.047904 0.050898
676 0.191431 0.274710 0.031120 0.079115 0.075499 0.041858 0.077142 0.118562 0.087004 0.023559
677 0.175577 0.123022 0.059465 0.110929 0.017003 0.353519 0.051464 0.037916 0.027823 0.043281
678 0.095069 0.203156 0.074753 0.049704 0.051479 0.038264 0.049112 0.224655 0.039842 0.173964
679 0.023445 0.036621 0.147646 0.050765 0.042531 0.567429 0.048440 0.021411 0.023445 0.038268
680 0.026865 0.043873 0.178972 0.034403 0.051218 0.205257 0.237341 0.077696 0.079629 0.064747
681 0.233320 0.203100 0.069270 0.096743 0.073391 0.038462 0.066915 0.062991 0.110283 0.045526
682 0.218320 0.089186 0.048681 0.029729 0.048309 0.098662 0.094575 0.261799 0.070606 0.040134
683 0.058055 0.088171 0.061321 0.099419 0.502358 0.026125 0.033019 0.039913 0.046081 0.045537
684 0.112582 0.037216 0.213018 0.067736 0.277328 0.040019 0.063220 0.038306 0.097477 0.053099
685 0.063616 0.034998 0.044295 0.063434 0.042836 0.553956 0.033904 0.042836 0.049398 0.070725
686 0.086415 0.083950 0.056583 0.071992 0.055473 0.038955 0.077786 0.102441 0.372904 0.053501
687 0.061043 0.033945 0.099942 0.102855 0.524330 0.037150 0.027681 0.046766 0.046183 0.020105
688 0.072233 0.092167 0.039165 0.232880 0.124765 0.045732 0.170028 0.076220 0.098030 0.048780
689 0.028017 0.062168 0.357427 0.029178 0.050398 0.273541 0.053382 0.051890 0.027520 0.066479
690 0.101893 0.518935 0.022485 0.028994 0.031953 0.030533 0.050533 0.140118 0.036686 0.037870
691 0.098546 0.064041 0.061557 0.381119 0.029260 0.095326 0.142621 0.033309 0.046283 0.047939
692 0.045683 0.148823 0.040031 0.062794 0.027473 0.224333 0.184458 0.143642 0.073940 0.048823
